2 0.4046875 0.6046875 0.121875 0.103125
2 0.3546875 0.59140625 0.08125 0.0859375
2 0.3390625 0.684375 0.103125 0.128125
2 0.34765625 0.778125 0.1140625 0.134375
2 0.3609375 0.84453125 0.0875 0.0921875
2 0.44453125 0.85234375 0.1296875 0.1140625
2 0.4515625 0.72109375 0.1625 0.1578125
2 0.37109375 0.15078125 0.1640625 0.1703125
2 0.46015625 0.4015625 0.1953125 0.2625
2 0.5953125 0.32734375 0.128125 0.1390625
2 0.65234375 0.43828125 0.1734375 0.1703125
2 0.59453125 0.49765625 0.1015625 0.1078125
2 0.715625 0.5765625 0.140625 0.159375
2 0.73515625 0.42578125 0.0859375 0.1640625