2 0.39375 0.40703125 0.11875 0.0984375
2 0.3453125 0.42421875 0.078125 0.0859375
2 0.32109375 0.334375 0.1015625 0.125
2 0.31953125 0.240625 0.1109375 0.128125
2 0.3265625 0.171875 0.084375 0.090625
2 0.409375 0.15703125 0.125 0.1109375
2 0.42890625 0.2859375 0.1578125 0.153125
2 0.4078125 0.86171875 0.159375 0.1640625
2 0.471875 0.603125 0.1875 0.25625
2 0.61171875 0.66171875 0.1234375 0.1359375
2 0.65859375 0.546875 0.1671875 0.165625
2 0.59375 0.49375 0.096875 0.103125
2 0.70625 0.403125 0.1375 0.153125
2 0.740625 0.55 0.08125 0.1625