2 0.40390625 0.396875 0.0953125 0.115625
2 0.41953125 0.3484375 0.0828125 0.075
2 0.328125 0.32734375 0.121875 0.0953125
2 0.23515625 0.328125 0.1265625 0.10625
2 0.16640625 0.33828125 0.0859375 0.0796875
2 0.15390625 0.42109375 0.1046875 0.1203125
2 0.28359375 0.4359375 0.1484375 0.153125
2 0.8578125 0.39609375 0.159375 0.1515625
2 0.6015625 0.4671875 0.25 0.178125
2 0.665625 0.60703125 0.13125 0.1171875
2 0.55234375 0.65703125 0.1609375 0.1609375
2 0.49765625 0.59453125 0.1015625 0.0953125
2 0.41015625 0.71015625 0.1484375 0.1328125
2 0.55859375 0.7390625 0.1609375 0.075