3 0.15625 0.80703125 0.146875 0.1515625
3 0.30625 0.10390625 0.071875 0.1859375
3 0.178125 0.09140625 0.09375 0.1265625
3 0.44453125 0.13828125 0.0859375 0.1203125
0 0.5359375 0.08671875 0.096875 0.1140625
0 0.1921875 0.65625 0.115625 0.159375
0 0.715625 0.8359375 0.153125 0.153125
0 0.67421875 0.1828125 0.0953125 0.109375
3 0.22578125 0.1671875 0.1109375 0.134375
3 0.3734375 0.18125 0.090625 0.14375
0 0.553125 0.18359375 0.109375 0.1328125
3 0.61484375 0.11015625 0.0890625 0.1015625
3 0.73203125 0.11015625 0.0859375 0.1171875
3 0.81953125 0.209375 0.0828125 0.171875
3 0.16640625 0.309375 0.0953125 0.14375
3 0.2453125 0.2890625 0.09375 0.140625
3 0.35625 0.309375 0.10625 0.146875
3 0.46875 0.2453125 0.115625 0.171875
3 0.5546875 0.30703125 0.090625 0.1390625
3 0.634375 0.2734375 0.090625 0.128125
3 0.7171875 0.29375 0.125 0.1375
3 0.81640625 0.3515625 0.0828125 0.121875
3 0.75703125 0.43046875 0.0921875 0.1328125
3 0.8453125 0.484375 0.096875 0.121875
3 0.67421875 0.39296875 0.1171875 0.1734375
3 0.56484375 0.40625 0.0796875 0.128125
3 0.4828125 0.43203125 0.1 0.1734375
3 0.40625 0.37421875 0.10625 0.1328125
3 0.2921875 0.4078125 0.096875 0.15
3 0.13828125 0.42890625 0.0890625 0.1203125
3 0.19609375 0.465625 0.1140625 0.1375
3 0.37421875 0.528125 0.1203125 0.190625
3 0.5265625 0.56171875 0.090625 0.1796875
3 0.62734375 0.509375 0.1078125 0.1625
3 0.72578125 0.57734375 0.0890625 0.1484375
3 0.81953125 0.59609375 0.1203125 0.1796875
3 0.865625 0.796875 0.103125 0.20625
3 0.765625 0.71484375 0.10625 0.1484375
3 0.6671875 0.69609375 0.1125 0.1546875
3 0.5796875 0.63828125 0.1125 0.1546875
3 0.45703125 0.640625 0.0890625 0.153125
3 0.25859375 0.56171875 0.0828125 0.1359375
3 0.11640625 0.5625 0.0953125 0.153125
3 0.0890625 0.71875 0.096875 0.175
3 0.346875 0.80703125 0.103125 0.1703125
3 0.25625 0.75625 0.109375 0.175
3 0.32578125 0.6421875 0.0859375 0.15625
3 0.4359375 0.76796875 0.090625 0.1484375
3 0.51953125 0.778125 0.0984375 0.146875
3 0.59375 0.825 0.08125 0.165625