0 0.44453125 0.75234375 0.2328125 0.2359375
0 0.58359375 0.65625 0.2046875 0.3
0 0.44453125 0.37265625 0.1734375 0.3765625
0 0.71015625 0.915625 0.2484375 0.16875
0 0.1171875 0.82265625 0.234375 0.2828125
0 0.3234375 0.42734375 0.215625 0.2671875
0 0.36171875 0.05703125 0.1421875 0.1140625
0 0.45078125 0.5796875 0.2578125 0.178125
0 0.63125 0.80234375 0.128125 0.2328125
0 0.71796875 0.61328125 0.1515625 0.3671875
0 0.5859375 0.44609375 0.215625 0.1890625
0 0.60859375 0.30390625 0.2578125 0.2359375