3 0.47265625 0.634375 0.2890625 0.21875
3 0.278125 0.4515625 0.24375 0.21875
3 0.59296875 0.278125 0.2453125 0.190625
3 0.28046875 0.59453125 0.2359375 0.1796875
3 0.64296875 0.5046875 0.2140625 0.19375
3 0.45234375 0.44296875 0.2140625 0.2140625
3 0.16640625 0.56796875 0.1359375 0.1640625
3 0.1421875 0.4015625 0.228125 0.21875
3 0.35390625 0.259375 0.3203125 0.23125
1 0.67109375 0.36171875 0.2171875 0.2140625
3 0.8875 0.11015625 0.184375 0.1984375
3 0.93671875 0.41484375 0.1265625 0.1609375
3 0.90390625 0.61953125 0.1359375 0.1453125
3 0.0859375 0.73984375 0.15 0.1640625
3 0.04375 0.63515625 0.075 0.0984375
3 0.18125 0.74453125 0.121875 0.1078125
3 0.5078125 0.76796875 0.13125 0.0921875
3 0.31328125 0.7875 0.0953125 0.071875
3 0.88203125 0.70234375 0.0828125 0.0765625
3 0.71015625 0.72890625 0.1578125 0.1265625