3 0.63671875 0.484375 0.1953125 0.35
3 0.4484375 0.58671875 0.278125 0.3578125
3 0.1453125 0.62890625 0.284375 0.4203125
3 0.8890625 0.628125 0.221875 0.33125
3 0.796875 0.8234375 0.26875 0.321875
3 0.6671875 0.18828125 0.225 0.3765625
3 0.25546875 0.240625 0.3390625 0.465625
3 0.85 0.190625 0.26875 0.375
3 0.46953125 0.096875 0.3140625 0.19375
3 0.4875 0.2734375 0.259375 0.321875
3 0.59140625 0.796875 0.1921875 0.334375
3 0.75234375 0.446875 0.1890625 0.33125
3 0.44609375 0.8765625 0.2328125 0.246875
3 0.23125 0.93125 0.2125 0.1375
3 0.36015625 0.7578125 0.2421875 0.3
3 0.15234375 0.85625 0.2703125 0.2875