3 0.63828125 0.49609375 0.1671875 0.3359375
3 0.440625 0.58125 0.25 0.3375
3 0.134375 0.59765625 0.25 0.3984375
3 0.8859375 0.66328125 0.2125 0.3140625
3 0.7671875 0.84765625 0.24375 0.3015625
3 0.69609375 0.1953125 0.1921875 0.378125
3 0.27890625 0.2203125 0.3015625 0.440625
3 0.87578125 0.22265625 0.2390625 0.3546875
3 0.50703125 0.090625 0.2984375 0.18125
3 0.50625 0.27421875 0.234375 0.3015625
3 0.56640625 0.803125 0.1640625 0.321875
3 0.75703125 0.46875 0.1609375 0.31875
3 0.4125 0.87890625 0.2125 0.2421875
3 0.19453125 0.9234375 0.2015625 0.153125
3 0.3375 0.74453125 0.21875 0.2828125
3 0.121875 0.84609375 0.24375 0.3078125