3 0.63828125 0.49140625 0.2015625 0.3515625
3 0.4328125 0.4265625 0.284375 0.3625
3 0.1359375 0.44140625 0.271875 0.4234375
3 0.8671875 0.29921875 0.24375 0.3328125
3 0.72890625 0.14453125 0.2734375 0.2890625
3 0.7265625 0.7828125 0.23125 0.396875
3 0.3078125 0.7828125 0.34375 0.434375
3 0.8828125 0.73671875 0.234375 0.3796875
3 0.54921875 0.9 0.3171875 0.2
3 0.53046875 0.72578125 0.2640625 0.3265625
3 0.534375 0.1921875 0.196875 0.3375
3 0.75859375 0.5046875 0.1953125 0.334375
3 0.3734375 0.13359375 0.2375 0.2640625
3 0.1515625 0.11171875 0.215625 0.1734375
3 0.3140625 0.275 0.246875 0.303125
3 0.1125 0.19609375 0.225 0.3328125