3 0.315625 0.2796875 0.153125 0.28125
3 0.15546875 0.346875 0.1359375 0.246875
3 0.921875 0.37421875 0.121875 0.2703125
3 0.7265625 0.37890625 0.140625 0.2703125
3 0.3625 0.5046875 0.13125 0.38125
3 0.61796875 0.53203125 0.1890625 0.3984375
3 0.85078125 0.57578125 0.1703125 0.2953125
3 0.06875 0.8203125 0.121875 0.28125
3 0.28671875 0.846875 0.1390625 0.3
3 0.84296875 0.85859375 0.1265625 0.2734375
3 0.7140625 0.871875 0.134375 0.25
3 0.4921875 0.88671875 0.13125 0.2234375
3 0.55234375 0.1546875 0.2328125 0.309375
3 0.23984375 0.575 0.2015625 0.26875
3 0.1171875 0.546875 0.128125 0.228125
3 0.1875 0.7625 0.1375 0.2125
3 0.128125 0.1015625 0.115625 0.203125
3 0.2703125 0.0578125 0.19375 0.115625
3 0.75 0.103125 0.18125 0.20625
3 0.8828125 0.209375 0.134375 0.19375
3 0.790625 0.31328125 0.128125 0.2578125
3 0.54140625 0.7015625 0.1890625 0.259375
3 0.59921875 0.92265625 0.1109375 0.1546875
3 0.95 0.9125 0.1 0.175
3 0.4953125 0.41328125 0.140625 0.2859375
3 0.05234375 0.20546875 0.1015625 0.2171875
3 0.16953125 0.93359375 0.1390625 0.1328125