3 0.75546875 0.2828125 0.2421875 0.171875
3 0.6609375 0.3953125 0.24375 0.190625
3 0.571875 0.6921875 0.321875 0.190625
3 0.50859375 0.903125 0.3640625 0.165625
3 0.4265625 0.3328125 0.346875 0.2125
3 0.31875 0.534375 0.434375 0.20625
3 0.253125 0.1796875 0.4 0.240625
3 0.16875 0.6921875 0.31875 0.209375
3 0.7953125 0.5328125 0.33125 0.184375
3 0.51484375 0.15703125 0.2703125 0.1578125
3 0.684375 0.1859375 0.125 0.1125
3 0.8546875 0.709375 0.290625 0.215625
3 0.8140625 0.85546875 0.2125 0.1703125
3 0.6453125 0.7796875 0.284375 0.146875
3 0.08125 0.2828125 0.1625 0.21875
3 0.078125 0.4859375 0.15625 0.175
3 0.19375 0.91875 0.3625 0.1625
3 0.3546875 0.740625 0.328125 0.23125