3 0.4828125 0.27890625 0.06875 0.0796875
3 0.23125 0.3234375 0.109375 0.1
3 0.4703125 0.56328125 0.0625 0.0796875
3 0.47265625 0.75859375 0.1203125 0.1171875
3 0.540625 0.83046875 0.146875 0.1171875
3 0.38359375 0.85 0.0890625 0.125
3 0.5703125 0.93203125 0.11875 0.1046875
3 0.56484375 0.73515625 0.0734375 0.0765625
3 0.3609375 0.77578125 0.09375 0.0953125
3 0.2609375 0.83203125 0.059375 0.0734375
3 0.31953125 0.84453125 0.0546875 0.0671875
3 0.30859375 0.90703125 0.0484375 0.0609375
3 0.29296875 0.95078125 0.0390625 0.0609375
3 0.3734375 0.9546875 0.071875 0.08125
3 0.440625 0.90859375 0.065625 0.0859375
3 0.490625 0.91171875 0.05 0.0765625
0 0.53359375 0.96953125 0.0421875 0.0609375
3 0.49921875 0.98046875 0.0578125 0.0390625
3 0.32265625 0.96953125 0.0484375 0.0578125
3 0.39765625 0.65859375 0.1546875 0.1390625
0 0.459375 0.6953125 0.08125 0.08125
3 0.50703125 0.63203125 0.0671875 0.0640625
3 0.546875 0.5609375 0.075 0.09375
3 0.42578125 0.5796875 0.0796875 0.046875
3 0.35625 0.60625 0.075 0.103125
0 0.78671875 0.2796875 0.0859375 0.140625
3 0.68671875 0.26484375 0.0515625 0.0515625
3 0.65625 0.30078125 0.059375 0.0765625
3 0.60703125 0.328125 0.0515625 0.075
3 0.565625 0.36015625 0.04375 0.0703125
3 0.49453125 0.34296875 0.0453125 0.0421875
3 0.534375 0.36640625 0.05 0.0828125
3 0.45546875 0.38125 0.0828125 0.05625
3 0.50546875 0.3875 0.0640625 0.046875
3 0.5265625 0.42890625 0.059375 0.0796875
3 0.48359375 0.43984375 0.0484375 0.0609375
3 0.44453125 0.45234375 0.0546875 0.0546875
3 0.41953125 0.42421875 0.0515625 0.0421875
3 0.3921875 0.46953125 0.059375 0.0828125
3 0.31953125 0.33828125 0.0609375 0.0515625
0 0.32734375 0.2796875 0.0671875 0.06875
3 0.38671875 0.221875 0.0953125 0.06875
3 0.34296875 0.21484375 0.0484375 0.0453125
3 0.31171875 0.23046875 0.0484375 0.0515625
3 0.16015625 0.27265625 0.0515625 0.0359375
3 0.596875 0.140625 0.05 0.04375
3 0.58984375 0.1046875 0.0703125 0.05625
3 0.55390625 0.0765625 0.0703125 0.046875
3 0.48828125 0.15859375 0.0515625 0.0421875
3 0.50546875 0.20703125 0.0390625 0.0578125
3 0.46640625 0.20234375 0.0515625 0.0578125
3 0.43359375 0.17734375 0.0328125 0.0453125
3 0.39765625 0.1625 0.0421875 0.0625
3 0.36171875 0.13671875 0.0640625 0.0453125
3 0.40546875 0.12265625 0.0421875 0.0328125
3 0.39296875 0.10390625 0.0359375 0.0390625
3 0.36171875 0.1640625 0.0234375 0.0375
3 0.3984375 0.04453125 0.053125 0.0515625
3 0.53984375 0.02578125 0.0453125 0.0515625
3 0.49140625 0.01875 0.0734375 0.03125
3 0.50546875 0.03828125 0.0296875 0.0296875
3 0.48203125 0.04453125 0.0390625 0.0265625