3 0.509375 0.278125 0.065625 0.078125
3 0.76328125 0.31484375 0.1046875 0.0953125
3 0.5328125 0.5625 0.059375 0.078125
3 0.53828125 0.7578125 0.1171875 0.1125
3 0.471875 0.83203125 0.14375 0.1140625
3 0.63046875 0.8453125 0.0859375 0.121875
3 0.44609375 0.934375 0.1140625 0.1
3 0.44453125 0.73828125 0.0703125 0.0734375
3 0.6484375 0.77109375 0.090625 0.0921875
3 0.7515625 0.8234375 0.05625 0.071875
3 0.69296875 0.8375 0.0515625 0.065625
3 0.70625 0.9 0.046875 0.059375
3 0.7234375 0.94296875 0.0375 0.0609375
3 0.6421875 0.95 0.06875 0.078125
3 0.5734375 0.90625 0.0625 0.084375
3 0.52421875 0.9109375 0.0453125 0.075
0 0.48359375 0.9703125 0.0421875 0.059375
3 0.5171875 0.98203125 0.05625 0.0359375
3 0.69375 0.9625 0.046875 0.05625
3 0.6078125 0.6546875 0.15 0.134375
0 0.5484375 0.69375 0.078125 0.078125
3 0.49921875 0.63125 0.0671875 0.0625
3 0.45625 0.5625 0.071875 0.090625
3 0.5765625 0.5765625 0.078125 0.04375
3 0.6484375 0.6 0.071875 0.1
0 0.20625 0.2890625 0.08125 0.1375
3 0.30703125 0.2703125 0.0515625 0.05
3 0.3375 0.30703125 0.05625 0.0765625
3 0.38828125 0.33203125 0.0484375 0.0734375
3 0.43046875 0.36328125 0.0421875 0.0671875
3 0.5 0.3421875 0.04375 0.040625
3 0.46171875 0.3671875 0.0484375 0.08125
3 0.54140625 0.38046875 0.0828125 0.0546875
3 0.490625 0.38828125 0.0625 0.0453125
3 0.47265625 0.4296875 0.0578125 0.078125
3 0.51484375 0.4390625 0.0453125 0.059375
3 0.5546875 0.45 0.053125 0.053125
3 0.578125 0.42109375 0.05 0.0390625
3 0.6078125 0.465625 0.05625 0.08125
3 0.675 0.33203125 0.059375 0.0484375
0 0.665625 0.27421875 0.065625 0.0671875
3 0.60390625 0.2171875 0.0921875 0.065625
3 0.646875 0.209375 0.046875 0.04375
3 0.68046875 0.2234375 0.0453125 0.05
3 0.8328125 0.26171875 0.05 0.0359375
3 0.39140625 0.14453125 0.0484375 0.0421875
3 0.39765625 0.1078125 0.0671875 0.053125
3 0.43125 0.07890625 0.06875 0.0453125
3 0.50078125 0.15859375 0.0515625 0.0390625
3 0.48515625 0.20703125 0.0359375 0.0578125
3 0.5234375 0.2015625 0.05 0.05625
3 0.55625 0.17578125 0.03125 0.0421875
3 0.590625 0.16015625 0.040625 0.0609375
3 0.6265625 0.13125 0.0625 0.04375
3 0.58125 0.11953125 0.040625 0.0328125
3 0.59375 0.1 0.034375 0.0375
3 0.6265625 0.159375 0.021875 0.0375
3 0.58671875 0.040625 0.0515625 0.05
3 0.44453125 0.02734375 0.0421875 0.0515625
3 0.4921875 0.01875 0.071875 0.028125
3 0.478125 0.0390625 0.028125 0.028125
3 0.50390625 0.04453125 0.0359375 0.0265625