3 0.759375 0.253125 0.1625 0.159375
3 0.7171875 0.825 0.28125 0.2
3 0.6453125 0.3640625 0.265625 0.309375
3 0.565625 0.640625 0.24375 0.23125
3 0.5359375 0.178125 0.190625 0.23125
3 0.4734375 0.85625 0.259375 0.215625
3 0.9390625 0.49765625 0.121875 0.2171875
3 0.3625 0.33125 0.3 0.31875
3 0.3546875 0.1 0.234375 0.2
3 0.3328125 0.665625 0.275 0.3125
3 0.1546875 0.48125 0.309375 0.39375
3 0.1296875 0.1671875 0.221875 0.334375
3 0.121875 0.7859375 0.2375 0.334375
3 0.89921875 0.81484375 0.1984375 0.2109375
3 0.89765625 0.2984375 0.1578125 0.19375
3 0.79921875 0.43203125 0.1921875 0.1890625
3 0.809375 0.6796875 0.1375 0.16875
3 0.7125 0.584375 0.15625 0.18125
3 0.9296875 0.684375 0.140625 0.175
3 0.44375 0.496875 0.2 0.196875