3 0.72890625 0.77578125 0.1703125 0.1734375
3 0.1609375 0.69375 0.21875 0.29375
3 0.62578125 0.65546875 0.3265625 0.2859375
3 0.35546875 0.55625 0.2484375 0.259375
3 0.81875 0.559375 0.24375 0.20625
3 0.14609375 0.44921875 0.2328125 0.2734375
3 0.47265625 0.934375 0.2265625 0.13125
3 0.678125 0.375 0.3375 0.321875
3 0.90078125 0.3828125 0.1984375 0.25
3 0.346875 0.321875 0.33125 0.296875
3 0.54296875 0.1625 0.4140625 0.325
3 0.84140625 0.15390625 0.3171875 0.2453125
3 0.240625 0.11640625 0.35 0.2328125
3 0.159375 0.87578125 0.221875 0.2109375
3 0.67421875 0.9109375 0.2046875 0.16875
3 0.54765625 0.803125 0.2015625 0.203125
3 0.3 0.796875 0.178125 0.15
3 0.40078125 0.70625 0.1921875 0.16875
3 0.2859375 0.915625 0.184375 0.153125
3 0.50703125 0.44375 0.2109375 0.2125