3 0.746875 0.24140625 0.159375 0.1640625
3 0.17578125 0.2828125 0.1984375 0.28125
3 0.6359375 0.3546875 0.309375 0.265625
3 0.36015625 0.43515625 0.2328125 0.2421875
3 0.82265625 0.4640625 0.2328125 0.190625
3 0.14375 0.5265625 0.215625 0.259375
3 0.50390625 0.0609375 0.2171875 0.121875
3 0.66953125 0.6375 0.3171875 0.3
3 0.90078125 0.64609375 0.1984375 0.2359375
3 0.334375 0.6671875 0.3125 0.275
3 0.51875 0.8453125 0.39375 0.309375
3 0.8328125 0.8703125 0.334375 0.221875
3 0.21484375 0.878125 0.3328125 0.2375
3 0.18671875 0.10234375 0.2109375 0.1984375
3 0.7015625 0.10390625 0.19375 0.1578125
3 0.56953125 0.20234375 0.1890625 0.1921875
3 0.3203125 0.19140625 0.16875 0.1390625
3 0.41640625 0.28828125 0.1828125 0.1578125
3 0.315625 0.07109375 0.175 0.1390625
3 0.503125 0.55625 0.196875 0.2