3 0.090625 0.4546875 0.09375 0.1625
3 0.140625 0.56796875 0.103125 0.1390625
3 0.46015625 0.65546875 0.0765625 0.1484375
3 0.15 0.3953125 0.0875 0.128125
3 0.03515625 0.47578125 0.0671875 0.1453125
3 0.06796875 0.609375 0.0703125 0.10625
3 0.0859375 0.9 0.0875 0.159375
3 0.18359375 0.4609375 0.0578125 0.0875
3 0.215625 0.48828125 0.05 0.0765625
3 0.21640625 0.55703125 0.0484375 0.0640625
3 0.275 0.56171875 0.06875 0.0890625
3 0.275 0.49375 0.075 0.090625
3 0.25703125 0.62890625 0.0515625 0.1078125
3 0.27890625 0.70234375 0.0546875 0.0890625
3 0.34765625 0.72109375 0.0765625 0.1234375
3 0.38359375 0.640625 0.0796875 0.115625
3 0.3390625 0.584375 0.071875 0.115625
3 0.3796875 0.5328125 0.078125 0.134375
3 0.4265625 0.51640625 0.065625 0.1046875
3 0.49375 0.54765625 0.075 0.0921875
3 0.53828125 0.609375 0.0640625 0.103125
3 0.584375 0.67421875 0.075 0.1203125
3 0.715625 0.621875 0.071875 0.096875
3 0.64765625 0.73125 0.0765625 0.115625
3 0.66015625 0.59921875 0.0546875 0.0640625
3 0.6828125 0.5140625 0.065625 0.065625
3 0.77890625 0.5125 0.0609375 0.078125
3 0.8125 0.60390625 0.05625 0.1078125
3 0.85234375 0.5765625 0.0453125 0.08125
3 0.8875 0.553125 0.05625 0.090625
3 0.93828125 0.59453125 0.0515625 0.0796875
3 0.93671875 0.5328125 0.0484375 0.06875
3 0.94375 0.67890625 0.05625 0.0984375
3 0.8453125 0.646875 0.05625 0.06875