3 0.91171875 0.47734375 0.1015625 0.1671875
3 0.85546875 0.58671875 0.1109375 0.1453125
3 0.53359375 0.65625 0.0828125 0.15
3 0.8546875 0.41484375 0.09375 0.1328125
3 0.9640625 0.4984375 0.071875 0.146875
3 0.92734375 0.6328125 0.0765625 0.109375
3 0.89140625 0.91953125 0.0953125 0.1609375
3 0.81953125 0.478125 0.0640625 0.090625
3 0.784375 0.503125 0.053125 0.078125
3 0.78125 0.571875 0.053125 0.065625
3 0.72265625 0.5734375 0.0734375 0.09375
3 0.72578125 0.50625 0.0796875 0.09375
3 0.7375 0.640625 0.05625 0.109375
3 0.71171875 0.7140625 0.0609375 0.09375
3 0.64140625 0.72890625 0.0828125 0.1265625
3 0.61015625 0.64765625 0.0859375 0.1203125
3 0.65625 0.59375 0.078125 0.11875
3 0.61875 0.5390625 0.084375 0.1375
3 0.57265625 0.51953125 0.0703125 0.1078125
3 0.50390625 0.54765625 0.0796875 0.0953125
3 0.4578125 0.6078125 0.06875 0.10625
3 0.4078125 0.66875 0.08125 0.125
3 0.27890625 0.6109375 0.0765625 0.1
3 0.34140625 0.7234375 0.0828125 0.11875
3 0.33671875 0.58984375 0.0578125 0.0671875
3 0.3171875 0.5046875 0.06875 0.06875
3 0.221875 0.4984375 0.065625 0.08125
3 0.1828125 0.5875 0.0625 0.109375
3 0.14453125 0.55859375 0.0515625 0.0828125
3 0.11015625 0.5328125 0.0609375 0.09375
3 0.05859375 0.571875 0.0546875 0.084375
3 0.06328125 0.5109375 0.0515625 0.071875
3 0.04765625 0.6546875 0.0609375 0.103125
3 0.1484375 0.6296875 0.059375 0.071875