3 0.71796875 0.86953125 0.1578125 0.1515625
3 0.33671875 0.67890625 0.2421875 0.1421875
3 0.61796875 0.53125 0.1671875 0.128125
3 0.5328125 0.6890625 0.1875 0.115625
3 0.45625 0.82578125 0.19375 0.1234375
3 0.50625 0.37890625 0.140625 0.1078125
3 0.64453125 0.7625 0.2046875 0.13125
3 0.76015625 0.58671875 0.1609375 0.1171875
3 0.87265625 0.65859375 0.1828125 0.1421875
3 0.6453125 0.6578125 0.178125 0.109375
3 0.48203125 0.5703125 0.1765625 0.121875
3 0.459375 0.46171875 0.15625 0.1046875
3 0.65859375 0.40078125 0.1546875 0.1203125
3 0.8046875 0.40078125 0.153125 0.0828125
3 0.715625 0.48046875 0.128125 0.0921875
3 0.81953125 0.46015625 0.1296875 0.1109375
3 0.78359375 0.3234375 0.1984375 0.115625
3 0.67421875 0.26875 0.2734375 0.128125
3 0.79140625 0.1125 0.2078125 0.128125
3 0.56484375 0.08828125 0.2296875 0.1515625
3 0.38984375 0.2109375 0.1921875 0.10625
3 0.371875 0.3078125 0.190625 0.10625
3 0.334375 0.37734375 0.1875 0.1140625
3 0.31640625 0.4703125 0.1921875 0.134375
0 0.89375 0.2625 0.16875 0.115625
0 0.94921875 0.18203125 0.1015625 0.1140625
3 0.94375 0.34765625 0.1125 0.1015625
3 0.93828125 0.41953125 0.1234375 0.1109375
3 0.86953125 0.859375 0.1421875 0.096875
3 0.9015625 0.7875 0.175 0.115625
3 0.76953125 0.9484375 0.1671875 0.103125
3 0.9171875 0.965625 0.134375 0.06875
3 0.925 0.53046875 0.15 0.1421875
3 0.2015625 0.2015625 0.190625 0.10625
3 0.11875 0.32265625 0.134375 0.0859375
3 0.146875 0.4609375 0.16875 0.1
3 0.2453125 0.53984375 0.134375 0.1015625
3 0.14296875 0.6453125 0.1703125 0.128125
3 0.21640625 0.76640625 0.1859375 0.1296875
3 0.21875 0.88125 0.2625 0.190625
3 0.396875 0.88828125 0.146875 0.1109375
0 0.6328125 0.8921875 0.115625 0.115625
3 0.2484375 0.046875 0.228125 0.09375
3 0.16640625 0.10625 0.1921875 0.121875
3 0.65703125 0.18359375 0.1546875 0.1078125