3 0.82578125 0.77734375 0.1671875 0.1734375
3 0.7046875 0.3703125 0.165625 0.253125
3 0.51015625 0.62109375 0.1421875 0.1765625
3 0.68125 0.56484375 0.134375 0.1984375
3 0.828125 0.51328125 0.140625 0.2046875
3 0.3796875 0.484375 0.121875 0.15
3 0.7328125 0.68828125 0.15 0.2140625
3 0.53984375 0.77109375 0.1328125 0.1703125
3 0.5921875 0.89453125 0.159375 0.1953125
3 0.6296875 0.66953125 0.128125 0.1890625
3 0.57265625 0.49453125 0.1390625 0.1859375
3 0.46953125 0.453125 0.1203125 0.165625
3 0.37578125 0.63828125 0.1359375 0.1640625
3 0.35078125 0.7828125 0.0984375 0.159375
3 0.44296875 0.70859375 0.1046875 0.1359375
3 0.40546875 0.8078125 0.1234375 0.140625
3 0.27734375 0.74765625 0.1359375 0.2109375
3 0.24140625 0.63125 0.1546875 0.28125
3 0.0703125 0.71875 0.140625 0.21875
3 0.084375 0.4921875 0.16875 0.24375
3 0.234375 0.3421875 0.125 0.203125
3 0.3328125 0.340625 0.125 0.2
3 0.4078125 0.31484375 0.134375 0.1984375
3 0.503125 0.3140625 0.153125 0.203125
0 0.19765625 0.84609375 0.1296875 0.1796875
0 0.10859375 0.89296875 0.1234375 0.1265625
3 0.27421875 0.9140625 0.1109375 0.125
3 0.3453125 0.92109375 0.121875 0.1390625
3 0.7890625 0.92578125 0.109375 0.1484375
3 0.71328125 0.92578125 0.1328125 0.1484375
3 0.9015625 0.8453125 0.13125 0.178125
3 0.89453125 0.96171875 0.0984375 0.0765625
3 0.45546875 0.92109375 0.1578125 0.1578125
3 0.259375 0.1546875 0.125 0.2
3 0.39140625 0.09375 0.0984375 0.140625
3 0.5234375 0.14609375 0.115625 0.1765625
3 0.58359375 0.25703125 0.1140625 0.1421875
3 0.70546875 0.1734375 0.1453125 0.18125
3 0.8125 0.2671875 0.146875 0.196875
3 0.9078125 0.2875 0.184375 0.28125
3 0.9 0.46484375 0.125 0.1578125
0 0.86328125 0.69765625 0.1265625 0.1265625
3 0.0921875 0.17265625 0.128125 0.2359375
3 0.16953125 0.103125 0.1421875 0.203125
3 0.16171875 0.59921875 0.1234375 0.1640625