3 0.13984375 0.5359375 0.1484375 0.36875
3 0.33984375 0.75234375 0.2765625 0.1734375
3 0.35859375 0.5671875 0.2078125 0.2875
3 0.4984375 0.51953125 0.175 0.3578125
3 0.1484375 0.27578125 0.19375 0.2546875
1 0.2515625 0.32578125 0.14375 0.2296875
1 0.43125 0.3328125 0.19375 0.225
1 0.64453125 0.240625 0.1421875 0.246875
1 0.71953125 0.43125 0.1328125 0.2125
1 0.9296875 0.16015625 0.140625 0.2703125
3 0.246875 0.559375 0.15625 0.303125
3 0.37578125 0.25 0.1765625 0.15
3 0.64375 0.5828125 0.190625 0.190625
3 0.7859375 0.57421875 0.103125 0.2359375
3 0.890625 0.578125 0.10625 0.140625
3 0.88046875 0.41640625 0.2390625 0.2515625
3 0.746875 0.1234375 0.146875 0.228125
3 0.6296875 0.0828125 0.125 0.146875
3 0.74140625 0.27578125 0.1109375 0.1046875
3 0.83125 0.29296875 0.178125 0.1921875