3 0.56171875 0.85703125 0.3640625 0.1359375
3 0.76171875 0.6421875 0.1640625 0.271875
3 0.5765625 0.63671875 0.28125 0.1984375
3 0.51875 0.5015625 0.353125 0.1625
3 0.3 0.86640625 0.246875 0.1859375
1 0.34453125 0.7609375 0.2234375 0.1375
1 0.3375 0.58125 0.21875 0.184375
1 0.23046875 0.37578125 0.2421875 0.1328125
1 0.41484375 0.2859375 0.2078125 0.125
1 0.13125 0.08203125 0.2625 0.1546875
3 0.5765625 0.74921875 0.3 0.1453125
3 0.259375 0.64140625 0.14375 0.1703125
3 0.57265625 0.35234375 0.1859375 0.1859375
3 0.55546875 0.21015625 0.2328125 0.0953125
3 0.55078125 0.10546875 0.1359375 0.1015625
3 0.39140625 0.12265625 0.2421875 0.2390625
3 0.109375 0.2796875 0.21875 0.1375
3 0.07578125 0.39921875 0.1421875 0.1203125
3 0.259375 0.27578125 0.103125 0.1078125
3 0.2703125 0.1859375 0.1875 0.171875