3 0.90234375 0.27421875 0.1453125 0.2984375
2 0.7265625 0.28984375 0.20625 0.3671875
3 0.3109375 0.30546875 0.125 0.1921875
3 0.625 0.44453125 0.134375 0.2734375
3 0.4265625 0.47578125 0.19375 0.3640625
3 0.26484375 0.5015625 0.2296875 0.309375
3 0.05859375 0.51484375 0.1046875 0.1796875
3 0.325 0.734375 0.246875 0.309375
3 0.659375 0.78125 0.2875 0.43125
3 0.5109375 0.78984375 0.246875 0.3984375
3 0.08515625 0.80390625 0.1546875 0.2390625
3 0.8578125 0.865625 0.13125 0.26875
3 0.30625 0.0984375 0.271875 0.196875
3 0.20234375 0.221875 0.1609375 0.225
3 0.47421875 0.12421875 0.1203125 0.2078125
3 0.7609375 0.09296875 0.165625 0.1828125
3 0.571875 0.134375 0.134375 0.259375
3 0.0625 0.1890625 0.125 0.2125
3 0.71796875 0.546875 0.1796875 0.19375
3 0.85546875 0.475 0.1421875 0.1625
3 0.821875 0.64375 0.1 0.1875
3 0.90703125 0.6796875 0.0984375 0.190625
3 0.9671875 0.75625 0.065625 0.3
3 0.165625 0.684375 0.175 0.30625
3 0.10859375 0.37421875 0.1296875 0.2265625
3 0.12734375 0.91328125 0.1609375 0.1734375
3 0.29375 0.9171875 0.175 0.165625
3 0.11875 0.071875 0.13125 0.14375
3 0.90078125 0.07578125 0.1578125 0.1484375
3 0.9640625 0.43359375 0.071875 0.2453125
3 0.534375 0.33359375 0.096875 0.1578125