3 0.28515625 0.34609375 0.2234375 0.2609375
3 0.37890625 0.45390625 0.1453125 0.1921875
3 0.57421875 0.490625 0.2140625 0.25625
3 0.73671875 0.5171875 0.2453125 0.221875
3 0.93515625 0.54921875 0.1296875 0.1578125
3 0.66484375 0.66796875 0.2578125 0.2234375
3 0.32890625 0.678125 0.3078125 0.309375
3 0.4765625 0.69140625 0.2625 0.2828125
3 0.90546875 0.73203125 0.1703125 0.1734375
3 0.71796875 0.2484375 0.2796875 0.15
3 0.44921875 0.253125 0.1640625 0.184375
3 0.11171875 0.321875 0.1703125 0.221875
3 0.134375 0.71875 0.14375 0.1875
3 0.94296875 0.32734375 0.1140625 0.1734375
3 0.89140625 0.45703125 0.1703125 0.2140625
3 0.2984375 0.52421875 0.21875 0.1453125
3 0.84921875 0.80078125 0.1703125 0.1296875
3 0.815625 0.3375 0.165625 0.1875
3 0.71171875 0.378125 0.1515625 0.1625
3 0.578125 0.3671875 0.153125 0.15
3 0.8234375 0.6546875 0.2 0.234375
3 0.1890625 0.5765625 0.16875 0.159375
3 0.46484375 0.396875 0.1234375 0.115625