3 0.29453125 0.0875 0.3046875 0.1625
2 0.30234375 0.2625 0.3765625 0.225
3 0.29609375 0.6796875 0.1984375 0.134375
3 0.45 0.37265625 0.28125 0.1484375
3 0.471875 0.571875 0.371875 0.2125
3 0.48984375 0.73671875 0.3203125 0.2453125
3 0.49140625 0.9421875 0.1828125 0.1125
3 0.725 0.6875 0.321875 0.2625
3 0.7828125 0.3546875 0.434375 0.309375
3 0.7890625 0.50390625 0.409375 0.2671875
3 0.78046875 0.9234375 0.2453125 0.153125
3 0.87265625 0.16171875 0.2546875 0.1453125
3 0.096875 0.671875 0.19375 0.28125
3 0.20703125 0.784375 0.2328125 0.171875
3 0.1234375 0.50703125 0.215625 0.1328125
3 0.10625 0.21875 0.190625 0.175
3 0.1390625 0.41015625 0.265625 0.1484375
3 0.1671875 0.92109375 0.21875 0.1359375
3 0.5578125 0.2859375 0.203125 0.1875
3 0.49453125 0.14453125 0.1703125 0.1484375
3 0.66015625 0.1859375 0.1921875 0.109375
3 0.70078125 0.1046875 0.1953125 0.109375
3 0.78125 0.046875 0.303125 0.08125
3 0.6671875 0.84375 0.315625 0.190625
3 0.353125 0.88515625 0.234375 0.1421875
3 0.8921875 0.89453125 0.18125 0.1703125
3 0.90625 0.72890625 0.175 0.1828125
3 0.06328125 0.85859375 0.1265625 0.1390625
3 0.096875 0.08046875 0.15625 0.1609375
3 0.45625 0.0375 0.25 0.075
3 0.33515625 0.45703125 0.1640625 0.1046875