3 0.30859375 0.2625 0.1515625 0.121875
3 0.0734375 0.3171875 0.146875 0.15625
3 0.34375 0.38671875 0.165625 0.1453125
3 0.78203125 0.40234375 0.1546875 0.1296875
3 0.19453125 0.41171875 0.1765625 0.1203125
3 0.27734375 0.5015625 0.1390625 0.115625
3 0.13359375 0.534375 0.1828125 0.128125
3 0.078125 0.1078125 0.15625 0.1125
3 0.653125 0.1203125 0.11875 0.121875
3 0.2984375 0.1265625 0.159375 0.134375
3 0.4734375 0.22578125 0.1375 0.1578125
3 0.7046875 0.2359375 0.153125 0.128125
3 0.14375 0.21328125 0.16875 0.1265625
3 0.45234375 0.34765625 0.1359375 0.1234375
3 0.65078125 0.33828125 0.1359375 0.1171875
3 0.57734375 0.22265625 0.1109375 0.1328125
3 0.50703125 0.121875 0.1265625 0.11875
3 0.40234375 0.0578125 0.1328125 0.109375
3 0.55390625 0.05859375 0.1734375 0.1140625
3 0.28359375 0.04765625 0.1234375 0.0859375
3 0.1984375 0.08828125 0.140625 0.1078125
3 0.159375 0.03671875 0.128125 0.0703125
3 0.05 0.4234375 0.1 0.11875
3 0.25703125 0.621875 0.1609375 0.1375
3 0.41015625 0.49296875 0.1578125 0.1828125