3 0.6578125 0.76171875 0.16875 0.1421875
3 0.89765625 0.740625 0.1671875 0.175
3 0.6390625 0.634375 0.184375 0.16875
3 0.2078125 0.55859375 0.171875 0.1484375
3 0.790625 0.63046875 0.190625 0.1453125
3 0.72109375 0.5296875 0.1546875 0.134375
3 0.86875 0.5171875 0.2 0.153125
3 0.86328125 0.93984375 0.1703125 0.1203125
3 0.2953125 0.8546875 0.134375 0.1375
3 0.64765625 0.89765625 0.1765625 0.1546875
3 0.48828125 0.7765625 0.1578125 0.175
3 0.2609375 0.73359375 0.16875 0.1484375
3 0.8125 0.834375 0.184375 0.146875
3 0.52734375 0.659375 0.1515625 0.140625
3 0.32890625 0.640625 0.1515625 0.134375
3 0.38515625 0.76484375 0.1265625 0.1453125
3 0.4421875 0.8734375 0.140625 0.134375
3 0.53515625 0.94375 0.1484375 0.1125
3 0.38671875 0.93046875 0.1890625 0.1390625
3 0.65234375 0.96328125 0.1328125 0.0734375
3 0.74140625 0.94375 0.1546875 0.1125
3 0.771875 0.98125 0.1375 0.0375
3 0.9359375 0.6390625 0.115625 0.13125
3 0.759375 0.41328125 0.178125 0.1578125
3 0.5890625 0.5203125 0.18125 0.203125