2 0.31953125 0.53046875 0.0953125 0.0859375
3 0.43125 0.54453125 0.09375 0.0796875
3 0.43359375 0.56796875 0.0921875 0.0734375
3 0.57734375 0.48984375 0.0953125 0.0734375
3 0.4515625 0.60625 0.11875 0.09375
3 0.6796875 0.54296875 0.06875 0.0671875
3 0.625 0.553125 0.1 0.090625
3 0.52578125 0.56640625 0.1109375 0.1203125
3 0.69921875 0.5796875 0.0734375 0.090625
3 0.77109375 0.559375 0.1140625 0.08125
3 0.83828125 0.571875 0.0984375 0.071875
3 0.840625 0.62734375 0.115625 0.0890625
3 0.78515625 0.67734375 0.1015625 0.1109375
3 0.76640625 0.59921875 0.0671875 0.0546875
3 0.75 0.63359375 0.090625 0.0578125
3 0.63046875 0.6328125 0.1671875 0.121875
3 0.675 0.63359375 0.071875 0.0703125