3 0.06796875 0.46640625 0.0921875 0.1234375
3 0.3734375 0.2953125 0.16875 0.15625
3 0.74921875 0.32421875 0.2046875 0.1171875
3 0.69453125 0.3828125 0.1015625 0.10625
3 0.765625 0.4078125 0.13125 0.084375
3 0.79609375 0.465625 0.1984375 0.128125
3 0.853125 0.55078125 0.20625 0.1515625
3 0.6734375 0.7296875 0.184375 0.159375
3 0.5453125 0.6859375 0.134375 0.153125
3 0.68203125 0.63671875 0.1796875 0.1265625
3 0.678125 0.5265625 0.159375 0.171875
3 0.59765625 0.34921875 0.0953125 0.0796875
3 0.5890625 0.35625 0.0625 0.05
3 0.5953125 0.4234375 0.190625 0.140625
3 0.534375 0.5046875 0.16875 0.196875
3 0.38984375 0.6453125 0.1890625 0.153125
3 0.16796875 0.53359375 0.1796875 0.1390625
3 0.35859375 0.54765625 0.1984375 0.1640625
3 0.45234375 0.409375 0.1421875 0.13125
3 0.48203125 0.34296875 0.1359375 0.1234375
3 0.515625 0.315625 0.084375 0.1125
3 0.284375 0.34140625 0.1125 0.1078125
3 0.30703125 0.41953125 0.1171875 0.1296875
3 0.18359375 0.41484375 0.1359375 0.0984375
3 0.165625 0.37578125 0.190625 0.1546875