2 0.734375 0.1671875 0.134375 0.153125
2 0.72890625 0.3015625 0.1546875 0.153125
2 0.35 0.1671875 0.203125 0.209375
2 0.57109375 0.7109375 0.1640625 0.15
2 0.70546875 0.4453125 0.1234375 0.13125
2 0.61796875 0.165625 0.1171875 0.134375
2 0.50546875 0.1453125 0.1328125 0.175
2 0.59453125 0.30234375 0.1390625 0.1359375
2 0.48046875 0.31953125 0.1421875 0.1484375
2 0.33046875 0.340625 0.1609375 0.171875
2 0.5984375 0.45 0.121875 0.121875
2 0.66484375 0.58125 0.1984375 0.190625
2 0.68671875 0.74921875 0.1390625 0.1359375
2 0.66484375 0.86171875 0.1140625 0.1234375
2 0.56328125 0.8609375 0.1328125 0.171875
2 0.4921875 0.58828125 0.15625 0.1421875
2 0.45625 0.45703125 0.146875 0.1515625
2 0.3328125 0.51328125 0.153125 0.1640625
2 0.38203125 0.65625 0.1515625 0.1375
2 0.4421875 0.77109375 0.15 0.1609375
2 0.30078125 0.75390625 0.1421875 0.1421875
2 0.34140625 0.88671875 0.1515625 0.1734375