1 0.3 0.14375 0.175 0.184375
2 0.28046875 0.30703125 0.1546875 0.1515625
2 0.43359375 0.15078125 0.1203125 0.1609375
2 0.4953125 0.76640625 0.159375 0.1640625
1 0.55625 0.15859375 0.13125 0.1640625
2 0.38515625 0.3984375 0.1140625 0.125
1 0.66015625 0.73203125 0.1765625 0.1671875
1 0.496875 0.32421875 0.1625 0.1796875
2 0.33203125 0.50234375 0.1453125 0.1390625
2 0.353125 0.603125 0.103125 0.103125
2 0.3390625 0.765625 0.171875 0.184375
2 0.37265625 0.93046875 0.1265625 0.1296875
2 0.51796875 0.90390625 0.1328125 0.1453125
1 0.68046875 0.9046875 0.1671875 0.165625
1 0.6921875 0.5328125 0.16875 0.18125
2 0.67890625 0.15078125 0.1390625 0.1421875
2 0.67734375 0.27734375 0.1359375 0.1265625
1 0.6390625 0.41640625 0.125 0.1015625
2 0.57109375 0.4921875 0.1046875 0.121875
2 0.559375 0.6203125 0.096875 0.109375
2 0.46484375 0.4625 0.1109375 0.13125
2 0.46484375 0.58671875 0.1484375 0.1421875