0 0.15078125 0.315625 0.1609375 0.14375
0 0.26484375 0.35703125 0.1328125 0.1328125
0 0.38046875 0.3578125 0.1390625 0.121875
0 0.50546875 0.33515625 0.1234375 0.1171875
0 0.6 0.37265625 0.096875 0.1234375
0 0.69921875 0.3859375 0.1328125 0.140625
0 0.8703125 0.42421875 0.15625 0.1671875
0 0.91953125 0.5484375 0.1546875 0.14375
0 0.76171875 0.48125 0.1140625 0.1125
0 0.65625 0.48515625 0.1 0.1203125
0 0.5953125 0.515625 0.125 0.121875
2 0.8265625 0.59609375 0.13125 0.1171875
0 0.7296875 0.57265625 0.103125 0.1109375
0 0.63671875 0.6125 0.1265625 0.13125
0 0.80859375 0.7078125 0.1203125 0.10625
0 0.6921875 0.6984375 0.153125 0.15
2 0.5265625 0.6234375 0.121875 0.125
0 0.48203125 0.45625 0.1140625 0.109375
2 0.3921875 0.45234375 0.103125 0.1140625
0 0.29375 0.48359375 0.115625 0.1078125
0 0.1421875 0.459375 0.184375 0.159375
0 0.146875 0.6015625 0.15625 0.15
0 0.12734375 0.72265625 0.1890625 0.1578125
0 0.3546875 0.5671875 0.125 0.15
0 0.44921875 0.5546875 0.1109375 0.096875
0 0.58125 0.72890625 0.1375 0.1578125
0 0.46640625 0.7453125 0.1171875 0.14375
0 0.36953125 0.6875 0.1328125 0.140625
0 0.271875 0.62734375 0.13125 0.1109375
0 0.26328125 0.74921875 0.1453125 0.1453125