2 0.409375 0.8265625 0.165625 0.184375
2 0.26640625 0.84140625 0.1421875 0.1765625
2 0.70625 0.89609375 0.159375 0.1859375
2 0.5640625 0.8625 0.1625 0.203125
2 0.68359375 0.74296875 0.1328125 0.1296875
2 0.70390625 0.61953125 0.1296875 0.1140625
2 0.5421875 0.653125 0.1625 0.159375
2 0.4046875 0.66796875 0.1375 0.1390625
2 0.265625 0.69375 0.159375 0.15
2 0.3078125 0.5453125 0.159375 0.15
2 0.43984375 0.53046875 0.1234375 0.1234375
2 0.55546875 0.5109375 0.1296875 0.14375
2 0.70078125 0.50234375 0.1328125 0.1140625
2 0.65703125 0.403125 0.1453125 0.134375
2 0.503125 0.3828125 0.15 0.1625
2 0.40703125 0.43046875 0.0921875 0.1015625
2 0.31953125 0.41640625 0.1046875 0.1234375
2 0.21953125 0.36171875 0.1265625 0.1203125
2 0.25078125 0.27265625 0.1015625 0.0828125
2 0.7484375 0.26328125 0.13125 0.1484375
2 0.62734375 0.2609375 0.1265625 0.1375
2 0.50234375 0.259375 0.1390625 0.115625
2 0.365625 0.28125 0.153125 0.190625
2 0.68828125 0.11640625 0.1671875 0.1765625
2 0.54609375 0.15625 0.1234375 0.11875
2 0.42890625 0.18046875 0.1078125 0.1078125
2 0.33125 0.12734375 0.128125 0.1546875