2 0.1484375 0.478125 0.178125 0.14375
2 0.15 0.35390625 0.215625 0.1703125
2 0.10390625 0.61875 0.2078125 0.1875
2 0.25703125 0.653125 0.1265625 0.128125
2 0.38125 0.64609375 0.175 0.1890625
2 0.28515625 0.54921875 0.1453125 0.1484375
2 0.3078125 0.43359375 0.153125 0.1390625
2 0.22109375 0.23515625 0.1765625 0.1515625
2 0.34296875 0.29921875 0.1546875 0.1703125
2 0.41015625 0.49453125 0.1328125 0.1296875
2 0.45234375 0.3734375 0.1640625 0.175
2 0.525 0.6859375 0.1625 0.18125
2 0.5625 0.53046875 0.153125 0.1578125
2 0.57578125 0.4203125 0.1078125 0.103125
2 0.57421875 0.31171875 0.1484375 0.1484375
2 0.75703125 0.33359375 0.1609375 0.1671875
2 0.67734375 0.4375 0.1421875 0.153125
2 0.6828125 0.73359375 0.184375 0.2046875
2 0.71484375 0.56953125 0.1953125 0.1765625
2 0.81875 0.72578125 0.15625 0.1609375
2 0.834375 0.5640625 0.1 0.10625
2 0.8734375 0.465625 0.2375 0.2