2 0.259375 0.7890625 0.11875 0.128125
2 0.69453125 0.2109375 0.1703125 0.178125
2 0.34140625 0.60625 0.1890625 0.175
2 0.3859375 0.7828125 0.15 0.175
2 0.3359375 0.365625 0.165625 0.146875
2 0.303125 0.20234375 0.153125 0.1578125
2 0.4328125 0.234375 0.13125 0.1375
2 0.5515625 0.23359375 0.128125 0.1359375
2 0.690625 0.3703125 0.18125 0.1875
2 0.53046875 0.39140625 0.1578125 0.1546875
2 0.44453125 0.49140625 0.1640625 0.1734375
2 0.50546875 0.62578125 0.1296875 0.1203125
2 0.515625 0.81796875 0.159375 0.1828125
2 0.6375 0.81171875 0.1375 0.1328125
2 0.5953125 0.60390625 0.1125 0.1140625
2 0.6203125 0.50625 0.121875 0.125
2 0.703125 0.55390625 0.1125 0.1203125
2 0.68359375 0.684375 0.1390625 0.153125