2 0.71484375 0.2640625 0.1171875 0.125
2 0.51796875 0.6046875 0.1140625 0.09375
2 0.2765625 0.58515625 0.103125 0.0953125
2 0.153125 0.3078125 0.1625 0.146875
2 0.30390625 0.3140625 0.1578125 0.15
2 0.4328125 0.3640625 0.115625 0.11875
2 0.5640625 0.2953125 0.18125 0.1875
2 0.83515625 0.28359375 0.1546875 0.1421875
2 0.6796875 0.38828125 0.103125 0.1046875
2 0.446875 0.459375 0.125 0.09375
2 0.2734375 0.45 0.11875 0.125
2 0.1515625 0.4515625 0.146875 0.15
2 0.1609375 0.58359375 0.128125 0.1140625
2 0.16640625 0.69921875 0.1359375 0.1453125
2 0.2890625 0.684375 0.125 0.125
2 0.4203125 0.540625 0.13125 0.125
2 0.55546875 0.4546875 0.1140625 0.121875
2 0.62890625 0.534375 0.1328125 0.140625
2 0.83125 0.43046875 0.209375 0.1703125
2 0.75078125 0.55859375 0.1453125 0.1171875
2 0.5390625 0.7375 0.15 0.15625
2 0.40234375 0.6765625 0.1265625 0.165625
2 0.7203125 0.6921875 0.196875 0.175
1 0.8890625 0.6203125 0.18125 0.178125