2 0.68359375 0.44140625 0.1015625 0.1015625
2 0.37421875 0.221875 0.1234375 0.159375
2 0.640625 0.2109375 0.146875 0.153125
2 0.53515625 0.1953125 0.1203125 0.14375
2 0.46171875 0.2453125 0.1078125 0.15
2 0.5609375 0.3078125 0.11875 0.11875
2 0.67734375 0.33671875 0.1578125 0.1578125
2 0.48046875 0.35546875 0.1078125 0.1109375
2 0.36328125 0.371875 0.1765625 0.175
1 0.2734375 0.23203125 0.109375 0.1234375
2 0.221875 0.3015625 0.115625 0.11875
2 0.21953125 0.4046875 0.1484375 0.11875
2 0.52421875 0.44609375 0.1421875 0.1421875
2 0.60546875 0.51171875 0.1296875 0.1140625
2 0.6484375 0.61796875 0.165625 0.1484375
2 0.6734375 0.746875 0.153125 0.171875
2 0.50625 0.55234375 0.134375 0.1453125
2 0.3984375 0.4875 0.128125 0.121875
2 0.25078125 0.53203125 0.1953125 0.1703125
2 0.3859375 0.61875 0.18125 0.1875
2 0.5203125 0.67890625 0.1375 0.1453125
2 0.546875 0.78828125 0.134375 0.1453125
2 0.45078125 0.790625 0.0890625 0.10625
2 0.31171875 0.79296875 0.1765625 0.1765625