0 0.14375 0.3078125 0.1375 0.146875
0 0.2796875 0.31328125 0.121875 0.1171875
0 0.39765625 0.34140625 0.0890625 0.0984375
0 0.48125 0.3390625 0.0875 0.10625
0 0.5953125 0.3671875 0.134375 0.125
0 0.69140625 0.39375 0.0859375 0.090625
0 0.7984375 0.321875 0.090625 0.078125
0 0.83125 0.3984375 0.125 0.121875
0 0.17734375 0.46953125 0.1484375 0.1484375
0 0.30078125 0.42578125 0.1296875 0.1296875
0 0.40078125 0.44140625 0.1046875 0.1046875
0 0.521875 0.4640625 0.121875 0.128125
0 0.6421875 0.49453125 0.11875 0.1046875
0 0.73984375 0.471875 0.1265625 0.11875
0 0.790625 0.55390625 0.115625 0.1078125
0 0.69140625 0.575 0.1046875 0.103125
0 0.56484375 0.57265625 0.1453125 0.1265625
0 0.4203125 0.5484375 0.153125 0.13125
0 0.2734375 0.52890625 0.128125 0.1015625
0 0.16953125 0.66640625 0.1328125 0.1734375
0 0.26953125 0.63046875 0.1234375 0.1140625
0 0.39921875 0.65078125 0.1109375 0.0921875
0 0.31484375 0.72109375 0.1390625 0.1359375
0 0.48515625 0.68671875 0.1140625 0.1140625
0 0.62265625 0.66953125 0.1359375 0.1265625
0 0.75 0.67109375 0.146875 0.1234375
0 0.70625 0.78125 0.125 0.1125
0 0.56171875 0.75390625 0.1109375 0.1046875