2 0.2703125 0.72109375 0.125 0.1328125
2 0.490625 0.39453125 0.121875 0.1015625
2 0.7296875 0.43203125 0.109375 0.1015625
2 0.8328125 0.71640625 0.171875 0.1578125
2 0.68359375 0.69921875 0.1671875 0.1609375
2 0.55859375 0.64140625 0.1234375 0.1265625
2 0.421875 0.7 0.19375 0.2
2 0.15234375 0.69375 0.1640625 0.153125
2 0.31328125 0.6 0.1109375 0.1125
2 0.55 0.54453125 0.13125 0.1015625
2 0.72265625 0.56640625 0.1265625 0.1328125
2 0.8453125 0.5734375 0.15625 0.159375
2 0.84453125 0.4421875 0.1359375 0.125
2 0.84765625 0.32578125 0.1453125 0.1546875
2 0.72421875 0.33046875 0.1328125 0.1328125
2 0.58203125 0.465625 0.1390625 0.134375
2 0.44296875 0.54140625 0.1234375 0.1296875
2 0.375 0.4578125 0.140625 0.15
2 0.16484375 0.546875 0.2203125 0.184375
2 0.25546875 0.425 0.1515625 0.125
2 0.47734375 0.2609375 0.1609375 0.165625
2 0.61015625 0.33046875 0.1390625 0.1734375
2 0.29375 0.29296875 0.209375 0.1890625
1 0.1203125 0.353125 0.19375 0.190625