2 0.4984375 0.625 0.19375 0.146875
2 0.24375 0.80546875 0.121875 0.1203125
2 0.140625 0.29921875 0.121875 0.1328125
2 0.25546875 0.30390625 0.1078125 0.1234375
2 0.140625 0.4328125 0.15625 0.128125
2 0.11875 0.52421875 0.109375 0.0890625
2 0.11640625 0.62109375 0.1015625 0.0921875
2 0.1125 0.75234375 0.125 0.1203125
2 0.3703125 0.3453125 0.13125 0.146875
2 0.2890625 0.44140625 0.1625 0.1484375
2 0.21953125 0.52578125 0.1140625 0.1234375
2 0.21015625 0.6234375 0.1109375 0.1
2 0.26171875 0.6890625 0.1265625 0.10625
2 0.353125 0.6140625 0.10625 0.13125
2 0.45 0.4859375 0.15 0.1375
2 0.50390625 0.3484375 0.1109375 0.11875
2 0.640625 0.3171875 0.1625 0.146875
2 0.82734375 0.30546875 0.1203125 0.1109375
2 0.709375 0.39921875 0.103125 0.0953125
2 0.60859375 0.47734375 0.1671875 0.1484375
2 0.67578125 0.575 0.0984375 0.1
2 0.65078125 0.678125 0.1390625 0.121875
2 0.33671875 0.77265625 0.0953125 0.1203125
2 0.42890625 0.75625 0.1046875 0.1375
2 0.54375 0.75234375 0.140625 0.1421875
2 0.74921875 0.75 0.1671875 0.13125
2 0.78203125 0.64140625 0.1328125 0.1140625
2 0.7765625 0.49140625 0.153125 0.1421875