2 0.54453125 0.4171875 0.1703125 0.159375
2 0.1734375 0.303125 0.175 0.165625
2 0.33046875 0.32734375 0.1484375 0.1484375
2 0.46015625 0.29296875 0.1234375 0.1421875
2 0.62890625 0.2953125 0.1578125 0.15
2 0.76796875 0.33046875 0.1546875 0.1453125
2 0.690625 0.465625 0.115625 0.1
2 0.815625 0.46875 0.146875 0.140625
2 0.8609375 0.621875 0.1375 0.146875
2 0.746875 0.5921875 0.109375 0.125
2 0.65 0.55078125 0.115625 0.1015625
2 0.5359375 0.55859375 0.128125 0.1328125
2 0.365625 0.5125 0.1625 0.18125
2 0.1796875 0.46640625 0.203125 0.1640625
2 0.17734375 0.58515625 0.1578125 0.1078125
2 0.284375 0.63203125 0.134375 0.1203125
2 0.41328125 0.65703125 0.1265625 0.1359375
2 0.5296875 0.67109375 0.115625 0.1015625
2 0.6375 0.6578125 0.115625 0.128125
2 0.7671875 0.7015625 0.121875 0.1125
2 0.66796875 0.778125 0.1328125 0.1375
2 0.4828125 0.78828125 0.146875 0.1453125
2 0.30625 0.784375 0.165625 0.16875
2 0.159375 0.73828125 0.15625 0.1453125