0 0.84140625 0.2875 0.1640625 0.14375
0 0.7140625 0.3328125 0.128125 0.125
0 0.575 0.30078125 0.1875 0.1734375
0 0.4140625 0.33984375 0.140625 0.1328125
0 0.28125 0.346875 0.15625 0.16875
0 0.14296875 0.39140625 0.1484375 0.1390625
0 0.8484375 0.43828125 0.14375 0.1328125
0 0.7328125 0.43046875 0.121875 0.1109375
0 0.5609375 0.4328125 0.128125 0.11875
0 0.43359375 0.4796875 0.1390625 0.14375
0 0.28984375 0.49921875 0.1484375 0.1421875
0 0.17109375 0.52421875 0.1328125 0.1328125
0 0.190625 0.6234375 0.125 0.115625
0 0.315625 0.6421875 0.159375 0.128125
0 0.321875 0.7484375 0.121875 0.125
0 0.446875 0.61796875 0.1375 0.1328125
0 0.50234375 0.7265625 0.1140625 0.1125
0 0.59375 0.553125 0.15 0.11875
0 0.73125 0.52109375 0.134375 0.1171875
0 0.86328125 0.5625 0.1296875 0.13125
0 0.7625 0.60546875 0.13125 0.1171875
0 0.634375 0.64609375 0.13125 0.1171875
0 0.73046875 0.7078125 0.1359375 0.134375
0 0.87109375 0.7296875 0.1578125 0.153125