2 0.54140625 0.415625 0.1734375 0.165625
2 0.1671875 0.315625 0.18125 0.171875
2 0.3234375 0.3328125 0.153125 0.153125
2 0.45234375 0.29453125 0.1296875 0.1453125
2 0.621875 0.29140625 0.1625 0.1546875
2 0.76171875 0.32109375 0.1578125 0.1515625
2 0.6890625 0.46015625 0.11875 0.1046875
2 0.81484375 0.45859375 0.1515625 0.1453125
2 0.86484375 0.61015625 0.1421875 0.1515625
2 0.75078125 0.584375 0.1140625 0.128125
2 0.6515625 0.54453125 0.11875 0.1046875
2 0.53828125 0.55703125 0.1328125 0.1390625
2 0.3671875 0.5171875 0.16875 0.1875
2 0.1796875 0.4765625 0.209375 0.16875
2 0.1796875 0.5953125 0.1625 0.1125
2 0.28984375 0.63984375 0.1390625 0.1234375
2 0.41796875 0.66015625 0.1296875 0.1421875
2 0.5359375 0.66953125 0.11875 0.1078125
2 0.64296875 0.65390625 0.1203125 0.1328125
2 0.775 0.69296875 0.125 0.1171875
2 0.6765625 0.77265625 0.1375 0.1421875
2 0.49296875 0.78828125 0.1515625 0.1484375
2 0.3171875 0.790625 0.171875 0.175
2 0.16796875 0.74921875 0.1609375 0.1484375