2 0.17578125 0.596875 0.1796875 0.1625
2 0.16328125 0.74140625 0.1734375 0.1390625
2 0.10078125 0.3015625 0.1828125 0.15625
2 0.1375 0.44296875 0.2 0.1609375
2 0.2546875 0.3203125 0.128125 0.13125
2 0.3765625 0.2984375 0.1125 0.128125
2 0.34765625 0.4609375 0.1546875 0.159375
2 0.33515625 0.5984375 0.1359375 0.134375
2 0.31171875 0.7375 0.1453125 0.15625
2 0.45859375 0.69453125 0.1484375 0.1546875
2 0.4703125 0.56171875 0.121875 0.1203125
2 0.48984375 0.44609375 0.1421875 0.1265625
2 0.4953125 0.3 0.1125 0.13125
2 0.59375 0.3421875 0.13125 0.14375
2 0.61796875 0.49609375 0.1578125 0.1484375
2 0.571875 0.59296875 0.1 0.0921875
2 0.5875 0.68046875 0.121875 0.1046875
2 0.64375 0.77890625 0.11875 0.1234375
2 0.7328125 0.7453125 0.08125 0.1
2 0.7328125 0.24921875 0.146875 0.1296875
2 0.73828125 0.36953125 0.1359375 0.1234375
2 0.74140625 0.49375 0.1140625 0.1375
2 0.721875 0.63203125 0.1875 0.1515625
2 0.88203125 0.30546875 0.1734375 0.1640625
2 0.84453125 0.4484375 0.1171875 0.121875
2 0.821875 0.56640625 0.10625 0.1046875
2 0.8765625 0.66328125 0.153125 0.1265625