2 0.1828125 0.38125 0.190625 0.175
2 0.18046875 0.23671875 0.1828125 0.1515625
2 0.09140625 0.6703125 0.1828125 0.16875
2 0.13515625 0.53203125 0.2109375 0.1734375
2 0.24375 0.6625 0.1375 0.140625
2 0.3625 0.69296875 0.121875 0.1359375
2 0.34453125 0.52890625 0.1671875 0.1703125
2 0.34140625 0.390625 0.1453125 0.14375
2 0.32890625 0.25 0.1578125 0.165625
2 0.471875 0.30390625 0.159375 0.1640625
2 0.47578125 0.43828125 0.1296875 0.1296875
2 0.4859375 0.5546875 0.15 0.1375
2 0.48125 0.69921875 0.121875 0.1390625
2 0.5828125 0.6640625 0.140625 0.153125
2 0.6171875 0.51328125 0.16875 0.1578125
2 0.578125 0.41328125 0.10625 0.0984375
2 0.6 0.32734375 0.128125 0.1109375
2 0.66328125 0.23359375 0.1265625 0.1328125
2 0.75 0.27265625 0.0875 0.1046875
2 0.71484375 0.7671875 0.1546875 0.1375
2 0.728125 0.64765625 0.14375 0.1328125
2 0.740625 0.52265625 0.121875 0.1453125
2 0.73125 0.384375 0.196875 0.1625
2 0.86640625 0.721875 0.1859375 0.178125
2 0.83984375 0.57578125 0.1265625 0.1296875
2 0.82578125 0.45703125 0.1140625 0.1140625
2 0.88671875 0.36484375 0.1609375 0.1359375