2 0.1484375 0.4734375 0.1625 0.121875
2 0.13359375 0.59765625 0.1984375 0.1421875
2 0.12265625 0.3265625 0.1921875 0.1625
2 0.2796875 0.31484375 0.1125 0.1140625
2 0.4015625 0.3390625 0.153125 0.16875
2 0.29375 0.42265625 0.128125 0.1296875
2 0.3 0.53984375 0.1375 0.1203125
2 0.1859375 0.7234375 0.159375 0.13125
2 0.315625 0.67734375 0.134375 0.1546875
2 0.409375 0.49453125 0.11875 0.1140625
2 0.43515625 0.61875 0.1421875 0.15625
2 0.55 0.3203125 0.140625 0.1625
2 0.565625 0.478125 0.134375 0.140625
2 0.5640625 0.590625 0.096875 0.090625
2 0.546875 0.696875 0.13125 0.13125
2 0.73203125 0.70234375 0.1421875 0.1484375
2 0.66640625 0.58828125 0.1265625 0.1359375
2 0.71328125 0.29375 0.1609375 0.184375
2 0.72265625 0.46171875 0.1765625 0.1515625
2 0.846875 0.32265625 0.1375 0.1453125
2 0.8390625 0.48359375 0.0875 0.0953125
2 0.86484375 0.58671875 0.2171875 0.1734375