2 0.746875 0.17421875 0.140625 0.1578125
2 0.7359375 0.30859375 0.159375 0.1578125
2 0.3625 0.1625 0.209375 0.215625
2 0.5640625 0.71328125 0.16875 0.1546875
2 0.7078125 0.4515625 0.128125 0.134375
2 0.6296875 0.1703125 0.121875 0.1375
2 0.5171875 0.14453125 0.1375 0.1765625
2 0.60078125 0.3046875 0.1421875 0.140625
2 0.4859375 0.31953125 0.146875 0.1546875
2 0.3359375 0.33515625 0.165625 0.1765625
2 0.6 0.453125 0.125 0.125
2 0.66171875 0.5859375 0.2046875 0.196875
2 0.67890625 0.7546875 0.1421875 0.1375
2 0.65234375 0.86640625 0.1171875 0.1265625
2 0.55 0.8625 0.1375 0.175
2 0.4890625 0.58671875 0.159375 0.1484375
2 0.4578125 0.45625 0.15 0.15625
2 0.33203125 0.5078125 0.1578125 0.16875
2 0.37578125 0.6515625 0.1546875 0.140625
2 0.43203125 0.76875 0.1546875 0.165625
2 0.2921875 0.746875 0.146875 0.146875
2 0.328125 0.88125 0.15625 0.178125