1 0.87734375 0.6625 0.1890625 0.18125
2 0.715625 0.6984375 0.15625 0.159375
2 0.85546875 0.53046875 0.1640625 0.1265625
2 0.23671875 0.53359375 0.1703125 0.1640625
1 0.83359375 0.41015625 0.1671875 0.1359375
2 0.61484375 0.60390625 0.1296875 0.1171875
1 0.25234375 0.36640625 0.1734375 0.1828125
1 0.67578125 0.484375 0.1859375 0.16875
2 0.5171875 0.66875 0.14375 0.15
2 0.4140625 0.65625 0.10625 0.10625
2 0.25390625 0.6890625 0.1890625 0.178125
2 0.08671875 0.67265625 0.1328125 0.1296875
2 0.0984375 0.525 0.15 0.1375
1 0.08125 0.36328125 0.1625 0.1734375
1 0.44765625 0.3125 0.1859375 0.175
2 0.8296875 0.2859375 0.146875 0.14375
2 0.7046875 0.30078125 0.13125 0.1390625
1 0.56953125 0.353125 0.1046875 0.128125
2 0.5015625 0.43046875 0.125 0.1078125
2 0.375 0.45390625 0.1125 0.1015625
2 0.5421875 0.53203125 0.134375 0.1140625
2 0.41875 0.5453125 0.146875 0.153125