0 0.18515625 0.29921875 0.1203125 0.1265625
0 0.32265625 0.32109375 0.1046875 0.1171875
0 0.45234375 0.34296875 0.1234375 0.1234375
0 0.57421875 0.33984375 0.1015625 0.1109375
0 0.67578125 0.3234375 0.1265625 0.134375
0 0.77578125 0.36953125 0.1140625 0.1140625
0 0.79765625 0.4734375 0.1140625 0.115625
0 0.82890625 0.58359375 0.1234375 0.1234375
0 0.6875 0.509375 0.146875 0.209375
0 0.5359375 0.42890625 0.128125 0.1265625
0 0.22890625 0.42578125 0.1078125 0.1015625
0 0.2421875 0.54140625 0.096875 0.1046875
0 0.34765625 0.45078125 0.1234375 0.1234375
0 0.446875 0.4828125 0.115625 0.115625
0 0.3375 0.5546875 0.134375 0.1375
0 0.21484375 0.62421875 0.1328125 0.1109375
0 0.20546875 0.73828125 0.1234375 0.1171875
0 0.32734375 0.67265625 0.1078125 0.1296875
0 0.56171875 0.53984375 0.1234375 0.1140625
0 0.44140625 0.59765625 0.1234375 0.1234375
0 0.44453125 0.70546875 0.1109375 0.1171875
0 0.60078125 0.62890625 0.1046875 0.1234375
0 0.54296875 0.71484375 0.0859375 0.1296875
0 0.709375 0.6921875 0.153125 0.15