2 0.196875 0.26640625 0.175 0.1578125
2 0.375 0.2875 0.121875 0.128125
0 0.1921875 0.40703125 0.125 0.1015625
0 0.18359375 0.51171875 0.1546875 0.1109375
0 0.16171875 0.61328125 0.0984375 0.0859375
0 0.28046875 0.646875 0.1390625 0.115625
0 0.30625 0.54140625 0.109375 0.1046875
2 0.3484375 0.4390625 0.09375 0.090625
2 0.50703125 0.32265625 0.1046875 0.1171875
2 0.61953125 0.3328125 0.0984375 0.09375
2 0.75234375 0.36015625 0.1421875 0.1546875
0 0.4671875 0.46015625 0.10625 0.1078125
0 0.41640625 0.57421875 0.1265625 0.1140625
0 0.5140625 0.640625 0.140625 0.165625
0 0.6453125 0.68515625 0.103125 0.1046875
0 0.6375 0.5203125 0.115625 0.1125
0 0.778125 0.5328125 0.121875 0.115625
0 0.7640625 0.64296875 0.10625 0.1171875