0 0.83828125 0.68671875 0.1484375 0.1484375
0 0.68828125 0.6640625 0.1140625 0.13125
0 0.85390625 0.5671875 0.1421875 0.121875
0 0.72578125 0.53125 0.1171875 0.115625
0 0.83125 0.38984375 0.309375 0.1984375
0 0.8421875 0.25703125 0.1375 0.1171875
0 0.5375 0.696875 0.18125 0.171875
0 0.6125 0.52421875 0.1375 0.1703125
0 0.60546875 0.3734375 0.1671875 0.153125
0 0.37578125 0.66328125 0.1328125 0.1359375
0 0.25234375 0.64296875 0.1234375 0.1515625
0 0.16953125 0.5671875 0.1296875 0.1375
0 0.31484375 0.54765625 0.1328125 0.1296875
0 0.4109375 0.52890625 0.078125 0.1078125
0 0.47265625 0.45859375 0.1265625 0.1203125
0 0.37265625 0.43203125 0.1265625 0.1453125
0 0.2484375 0.45234375 0.128125 0.1265625
0 0.1328125 0.44765625 0.121875 0.1109375
0 0.315625 0.34609375 0.125 0.1171875
0 0.46640625 0.28203125 0.1390625 0.1390625
0 0.35390625 0.20625 0.1671875 0.159375
0 0.18125 0.29765625 0.159375 0.1703125