2 0.8640625 0.64453125 0.178125 0.1453125
2 0.8328125 0.50546875 0.1875 0.1703125
2 0.8296875 0.3703125 0.159375 0.140625
2 0.78203125 0.2703125 0.1953125 0.1375
2 0.68359375 0.6609375 0.1640625 0.15625
2 0.634375 0.54609375 0.125 0.1328125
2 0.65625 0.43984375 0.128125 0.1296875
2 0.621875 0.32890625 0.159375 0.1453125
2 0.46875 0.2796875 0.190625 0.196875
2 0.4671875 0.42734375 0.15625 0.1421875
2 0.50703125 0.5515625 0.1578125 0.153125
2 0.52109375 0.7109375 0.1953125 0.184375
2 0.35234375 0.7140625 0.1859375 0.215625
2 0.1859375 0.70390625 0.2 0.2109375
2 0.33203125 0.56484375 0.1265625 0.1234375
2 0.16015625 0.53046875 0.1859375 0.1578125
2 0.3203125 0.45234375 0.178125 0.1484375
2 0.2921875 0.31640625 0.184375 0.1734375
2 0.14765625 0.353125 0.1671875 0.190625