2 0.1640625 0.309375 0.14375 0.14375
0 0.12265625 0.4765625 0.1640625 0.146875
2 0.07890625 0.60625 0.1265625 0.115625
2 0.209375 0.58203125 0.11875 0.1078125
2 0.1734375 0.7078125 0.140625 0.11875
0 0.28046875 0.41875 0.1203125 0.146875
2 0.328125 0.540625 0.128125 0.134375
0 0.33828125 0.69453125 0.1921875 0.1734375
2 0.45546875 0.6 0.1171875 0.10625
0 0.46015625 0.44765625 0.1828125 0.1640625
0 0.6015625 0.7 0.171875 0.15625
0 0.61328125 0.53046875 0.1296875 0.1328125
0 0.65625 0.39375 0.14375 0.140625
2 0.7375 0.58515625 0.1375 0.1390625
0 0.878125 0.6890625 0.159375 0.15
2 0.86015625 0.48359375 0.1765625 0.1859375