0 0.684375 0.84921875 0.14375 0.1609375
0 0.64296875 0.73515625 0.1328125 0.1328125
0 0.64296875 0.6203125 0.1234375 0.140625
0 0.665625 0.4953125 0.115625 0.121875
0 0.628125 0.4015625 0.121875 0.096875
0 0.6140625 0.30234375 0.140625 0.1328125
0 0.5765625 0.1296875 0.165625 0.15625
0 0.453125 0.08046875 0.14375 0.1546875
0 0.5203125 0.23828125 0.1125 0.1140625
0 0.51484375 0.34375 0.1203125 0.1
0 0.4859375 0.40625 0.121875 0.125
2 0.40390625 0.175 0.1171875 0.13125
0 0.42890625 0.271875 0.1109375 0.103125
0 0.3875 0.3640625 0.13125 0.128125
0 0.29375 0.19296875 0.10625 0.1203125
0 0.3015625 0.30859375 0.15 0.1515625
2 0.3765625 0.4734375 0.125 0.121875
0 0.54375 0.51796875 0.109375 0.1140625
2 0.54921875 0.609375 0.1140625 0.103125
0 0.51640625 0.7078125 0.1078125 0.115625
0 0.540625 0.85859375 0.159375 0.1828125
0 0.4 0.85390625 0.15 0.1546875
0 0.278125 0.8734375 0.159375 0.190625
0 0.4328125 0.6453125 0.15 0.125
0 0.4453125 0.55234375 0.096875 0.1109375
0 0.27265625 0.4203125 0.1578125 0.1375
0 0.25625 0.53359375 0.14375 0.1171875
0 0.3125 0.63203125 0.140625 0.1328125
0 0.3734375 0.7296875 0.109375 0.13125
0 0.25078125 0.73671875 0.1453125 0.1453125