2 0.175 0.3578125 0.1875 0.184375
2 0.38125 0.3265625 0.171875 0.1375
2 0.18046875 0.52890625 0.1609375 0.1515625
2 0.16328125 0.68984375 0.1421875 0.1484375
2 0.29765625 0.7046875 0.1484375 0.146875
2 0.36015625 0.59765625 0.1296875 0.1109375
2 0.3640625 0.478125 0.15 0.134375
2 0.51640625 0.41796875 0.1921875 0.1828125
2 0.6140625 0.3 0.1375 0.128125
2 0.7453125 0.30625 0.140625 0.153125
2 0.68046875 0.39921875 0.1140625 0.1046875
2 0.8328125 0.40703125 0.140625 0.1265625
2 0.74296875 0.4859375 0.1421875 0.13125
2 0.5078125 0.559375 0.121875 0.109375
2 0.45703125 0.62734375 0.1015625 0.1046875
2 0.45625 0.72578125 0.10625 0.1140625
2 0.5640625 0.690625 0.121875 0.125
2 0.62890625 0.54296875 0.1484375 0.1234375
2 0.671875 0.65078125 0.13125 0.1140625
2 0.8015625 0.6453125 0.15 0.13125
2 0.89765625 0.53046875 0.1046875 0.1046875