0 0.1359375 0.346875 0.15 0.13125
0 0.253125 0.378125 0.121875 0.121875
0 0.36953125 0.36953125 0.1296875 0.1109375
0 0.49140625 0.33515625 0.1140625 0.1078125
0 0.5875 0.36484375 0.0875 0.1140625
0 0.6875 0.36875 0.121875 0.13125
0 0.8625 0.39296875 0.14375 0.1546875
0 0.92265625 0.5109375 0.1453125 0.13125
0 0.76015625 0.45859375 0.1078125 0.1015625
0 0.65546875 0.47265625 0.0890625 0.1140625
0 0.59609375 0.50703125 0.1171875 0.1140625
2 0.8328125 0.5671875 0.121875 0.10625
0 0.734375 0.55234375 0.09375 0.1046875
0 0.64609375 0.6 0.1171875 0.121875
0 0.82578125 0.6796875 0.1109375 0.096875
0 0.70859375 0.68125 0.1421875 0.1375
2 0.5375 0.6203125 0.1125 0.115625
0 0.47890625 0.4578125 0.1078125 0.1
2 0.38828125 0.4609375 0.0953125 0.10625
0 0.29296875 0.50234375 0.1078125 0.0984375
0 0.13984375 0.49140625 0.1703125 0.1453125
0 0.15703125 0.63125 0.1453125 0.1375
0 0.1484375 0.75390625 0.178125 0.1421875
0 0.3609375 0.5796875 0.1125 0.140625
0 0.453125 0.559375 0.103125 0.0875
0 0.60078125 0.72109375 0.1234375 0.1484375
0 0.48828125 0.746875 0.1078125 0.134375
0 0.3859375 0.6984375 0.121875 0.13125
0 0.28359375 0.64765625 0.1234375 0.0984375
0 0.2859375 0.76875 0.134375 0.134375