2 0.2828125 0.26796875 0.11875 0.1265625
2 0.48515625 0.60546875 0.1171875 0.0953125
2 0.72578125 0.58125 0.1046875 0.096875
2 0.84375 0.3015625 0.165625 0.15
2 0.69375 0.3109375 0.159375 0.153125
2 0.56484375 0.36328125 0.1171875 0.1203125
2 0.4328125 0.296875 0.184375 0.190625
2 0.16171875 0.28984375 0.1578125 0.1453125
2 0.31953125 0.390625 0.1046875 0.10625
2 0.55234375 0.45859375 0.1265625 0.0953125
2 0.72578125 0.44609375 0.1203125 0.1265625
2 0.8484375 0.4453125 0.15 0.153125
2 0.84140625 0.57734375 0.1296875 0.1171875
2 0.8375 0.6921875 0.140625 0.15
2 0.71484375 0.68046875 0.1265625 0.1265625
2 0.58046875 0.53984375 0.1328125 0.1265625
2 0.44453125 0.45546875 0.1171875 0.1234375
2 0.3734375 0.53671875 0.134375 0.1421875
2 0.1671875 0.43515625 0.2125 0.1734375
2 0.2515625 0.56328125 0.146875 0.1203125
2 0.465625 0.7390625 0.153125 0.159375
2 0.6015625 0.67578125 0.13125 0.1671875
2 0.2828125 0.696875 0.2 0.178125
1 0.1140625 0.628125 0.184375 0.18125