2 0.12890625 0.24609375 0.1390625 0.1234375
2 0.25234375 0.23828125 0.1109375 0.1078125
2 0.37109375 0.27265625 0.1546875 0.1734375
2 0.2609375 0.35078125 0.140625 0.1390625
2 0.125 0.3671875 0.15 0.13125
2 0.509375 0.296875 0.121875 0.128125
2 0.6953125 0.30234375 0.159375 0.1796875
2 0.10078125 0.7625 0.1671875 0.140625
2 0.82421875 0.53515625 0.1359375 0.1234375
2 0.50546875 0.609375 0.1265625 0.103125
2 0.9171875 0.7078125 0.165625 0.18125
1 0.790625 0.678125 0.109375 0.134375
2 0.7125 0.45859375 0.15 0.1453125
2 0.8234375 0.28828125 0.128125 0.1296875
2 0.840625 0.4 0.140625 0.13125
2 0.57578125 0.39765625 0.1484375 0.1296875
2 0.45234375 0.40703125 0.1171875 0.1109375
2 0.55859375 0.5125 0.1234375 0.13125
2 0.671875 0.5765625 0.134375 0.140625
2 0.67890625 0.70703125 0.1421875 0.1484375
2 0.51640625 0.7390625 0.1765625 0.165625
2 0.359375 0.76953125 0.109375 0.1046875
2 0.390625 0.6375 0.134375 0.146875
2 0.42578125 0.5109375 0.1515625 0.134375
2 0.28359375 0.45625 0.1671875 0.115625
2 0.1125 0.4890625 0.1625 0.14375
2 0.1046875 0.62890625 0.165625 0.1421875
2 0.265625 0.5734375 0.159375 0.14375
2 0.24140625 0.69140625 0.1046875 0.1140625