0 0.128125 0.33984375 0.15 0.1578125
0 0.2640625 0.33203125 0.13125 0.1296875
0 0.384375 0.35 0.096875 0.10625
0 0.4671875 0.34140625 0.096875 0.1140625
0 0.58359375 0.36015625 0.1453125 0.1359375
0 0.68046875 0.37734375 0.0953125 0.0984375
0 0.7828125 0.29765625 0.096875 0.0859375
0 0.821875 0.37109375 0.134375 0.1328125
0 0.175 0.496875 0.159375 0.1625
0 0.29453125 0.44296875 0.1421875 0.1421875
0 0.3953125 0.45 0.115625 0.115625
0 0.51953125 0.4625 0.1328125 0.1375
0 0.6421875 0.48125 0.128125 0.115625
0 0.7359375 0.45078125 0.1375 0.1296875
0 0.7953125 0.52734375 0.125 0.1171875
0 0.69609375 0.5578125 0.1140625 0.1125
0 0.5703125 0.56640625 0.15625 0.1390625
0 0.42578125 0.55625 0.1640625 0.14375
0 0.27734375 0.5484375 0.1359375 0.1125
0 0.18515625 0.69453125 0.1453125 0.1859375
0 0.28125 0.64921875 0.134375 0.1265625
0 0.41171875 0.659375 0.1171875 0.103125
0 0.33359375 0.7359375 0.1515625 0.146875
0 0.50078125 0.68671875 0.1234375 0.1234375
0 0.6359375 0.6578125 0.146875 0.1375
0 0.7640625 0.6484375 0.15625 0.134375
0 0.7296875 0.76328125 0.134375 0.1234375
0 0.58359375 0.74765625 0.1203125 0.1140625