0 0.7046875 0.1734375 0.15625 0.15625
0 0.6734375 0.32109375 0.1375 0.1203125
0 0.58515625 0.15 0.1265625 0.146875
0 0.54375 0.2765625 0.11875 0.125
0 0.4078125 0.1640625 0.2125 0.31875
0 0.27578125 0.146875 0.1234375 0.14375
0 0.69921875 0.47421875 0.1796875 0.1890625
0 0.53046875 0.38984375 0.1765625 0.1453125
0 0.37890625 0.3890625 0.1609375 0.175
0 0.65703125 0.63359375 0.1421875 0.1390625
0 0.63046875 0.7546875 0.1578125 0.13125
0 0.55 0.834375 0.14375 0.134375
0 0.5375 0.68828125 0.134375 0.1390625
0 0.5234375 0.5921875 0.1125 0.084375
0 0.45703125 0.5265625 0.1265625 0.13125
0 0.425 0.6234375 0.15 0.134375
0 0.43984375 0.7484375 0.1328125 0.134375
0 0.428125 0.8640625 0.115625 0.128125
0 0.33515625 0.678125 0.1234375 0.13125
0 0.28046875 0.52421875 0.1453125 0.1453125
0 0.19921875 0.63125 0.1671875 0.175
0 0.28125 0.80859375 0.178125 0.1671875