2 0.153125 0.31875 0.165625 0.128125
2 0.17109375 0.4609375 0.1734375 0.153125
2 0.159375 0.59609375 0.146875 0.1265625
2 0.19609375 0.70078125 0.1859375 0.1203125
2 0.33515625 0.321875 0.1484375 0.140625
2 0.37265625 0.440625 0.1140625 0.121875
2 0.33984375 0.54453125 0.1140625 0.1203125
2 0.36171875 0.6578125 0.1484375 0.13125
2 0.50859375 0.72421875 0.1734375 0.1796875
2 0.525 0.57734375 0.14375 0.1265625
2 0.4984375 0.44921875 0.14375 0.1390625
2 0.5015625 0.28984375 0.178125 0.1671875
2 0.67109375 0.30390625 0.1671875 0.1984375
2 0.83515625 0.33203125 0.1796875 0.1921875
2 0.67421875 0.45390625 0.1140625 0.1109375
2 0.84296875 0.50625 0.1734375 0.140625
2 0.6734375 0.5671875 0.165625 0.13125
2 0.68828125 0.7046875 0.1671875 0.15625
2 0.8359375 0.68359375 0.15 0.1765625