0 0.2734375 0.8359375 0.1375 0.134375
0 0.2921875 0.7046875 0.13125 0.140625
0 0.3234375 0.5171875 0.13125 0.15
0 0.315625 0.36875 0.1125 0.109375
0 0.35859375 0.29296875 0.0984375 0.0859375
0 0.4296875 0.184375 0.115625 0.125
0 0.546875 0.1609375 0.115625 0.121875
0 0.478125 0.2953125 0.1125 0.134375
2 0.440625 0.40625 0.10625 0.10625
0 0.61875 0.2484375 0.13125 0.13125
0 0.70546875 0.153125 0.1234375 0.1125
0 0.7609375 0.259375 0.13125 0.1125
0 0.7125 0.3546875 0.134375 0.1125
0 0.56875 0.38125 0.1375 0.121875
0 0.703125 0.4578125 0.1 0.096875
0 0.6015625 0.4921875 0.14375 0.121875
0 0.4734375 0.5328125 0.115625 0.11875
0 0.4265625 0.67421875 0.109375 0.1296875
2 0.41484375 0.8125 0.1328125 0.1375
0 0.53125 0.8234375 0.125 0.125
0 0.63671875 0.81796875 0.1140625 0.1234375
0 0.7671875 0.80546875 0.1125 0.1109375
0 0.5546875 0.6859375 0.115625 0.128125
0 0.7171875 0.6171875 0.2875 0.140625
0 0.79765625 0.521875 0.1296875 0.103125