2 0.3921875 0.8390625 0.203125 0.20625
2 0.33984375 0.63671875 0.1546875 0.1859375
2 0.56171875 0.81640625 0.1671875 0.1765625
2 0.72421875 0.81640625 0.1609375 0.1578125
2 0.72578125 0.68125 0.1609375 0.1625
2 0.61171875 0.6296875 0.1234375 0.140625
2 0.4921875 0.6375 0.15 0.1625
2 0.415625 0.49375 0.203125 0.2125
2 0.28984375 0.4078125 0.1421875 0.15
2 0.28203125 0.2765625 0.1671875 0.15625
2 0.38125 0.3328125 0.115625 0.125
2 0.371875 0.1796875 0.140625 0.153125
2 0.46171875 0.2609375 0.1453125 0.153125
2 0.559375 0.48671875 0.121875 0.1328125
2 0.63125 0.53046875 0.1125 0.1109375
2 0.728125 0.52109375 0.125 0.1171875
2 0.6828125 0.4171875 0.1375 0.134375
2 0.5296875 0.36875 0.1375 0.1625
2 0.63203125 0.31328125 0.1265625 0.1421875
2 0.6140625 0.1859375 0.146875 0.1625
2 0.48828125 0.10234375 0.1140625 0.1171875