2 0.8234375 0.6484375 0.190625 0.1875
2 0.615625 0.6765625 0.175 0.140625
2 0.821875 0.47734375 0.1625 0.1546875
2 0.840625 0.31796875 0.146875 0.1515625
2 0.70703125 0.3 0.1515625 0.15
2 0.64296875 0.40546875 0.1328125 0.1140625
2 0.63515625 0.525 0.1515625 0.1375
2 0.4828125 0.5828125 0.196875 0.1875
2 0.38359375 0.6984375 0.1390625 0.13125
2 0.2515625 0.6890625 0.14375 0.15625
2 0.31875 0.5984375 0.115625 0.10625
2 0.16640625 0.58828125 0.1421875 0.1296875
2 0.25859375 0.5109375 0.1421875 0.134375
2 0.49296875 0.44140625 0.1234375 0.1109375
2 0.54609375 0.37421875 0.1015625 0.1046875
2 0.54765625 0.27578125 0.1078125 0.1140625
2 0.43984375 0.30859375 0.1234375 0.1265625
2 0.37265625 0.45625 0.1515625 0.125
2 0.33046875 0.34765625 0.1328125 0.1140625
2 0.20078125 0.35 0.1515625 0.134375
2 0.1046875 0.4640625 0.10625 0.10625