0 0.18515625 0.2625 0.1546875 0.14375
0 0.1921875 0.37734375 0.134375 0.1203125
0 0.171875 0.48203125 0.11875 0.1265625
0 0.1828125 0.64453125 0.16875 0.1546875
0 0.31875 0.621875 0.121875 0.128125
0 0.36875 0.4765625 0.171875 0.175
0 0.35546875 0.3171875 0.1328125 0.153125
0 0.496875 0.3984375 0.11875 0.128125
0 0.6546875 0.4015625 0.15625 0.15625
0 0.8234375 0.43359375 0.128125 0.1265625
0 0.59140625 0.5390625 0.1390625 0.11875
0 0.4640625 0.65 0.15625 0.146875
0 0.58046875 0.64375 0.0953125 0.1
0 0.73671875 0.56171875 0.1328125 0.1265625
0 0.85859375 0.57734375 0.1421875 0.1359375
0 0.66796875 0.68359375 0.1328125 0.1171875
0 0.7765625 0.684375 0.121875 0.121875
0 0.603125 0.77109375 0.14375 0.1453125