0 0.1890625 0.29453125 0.11875 0.1234375
0 0.325 0.31796875 0.103125 0.1140625
0 0.45546875 0.34296875 0.1203125 0.1234375
0 0.5765625 0.340625 0.1 0.109375
0 0.678125 0.32734375 0.125 0.1328125
0 0.77890625 0.3734375 0.1140625 0.1125
0 0.7984375 0.47890625 0.1125 0.1140625
0 0.8265625 0.58984375 0.121875 0.1203125
0 0.68828125 0.51328125 0.1453125 0.2078125
0 0.53828125 0.4296875 0.1265625 0.125
0 0.2296875 0.4203125 0.10625 0.1
0 0.24140625 0.5359375 0.0953125 0.103125
0 0.3484375 0.4484375 0.121875 0.121875
0 0.44765625 0.48203125 0.1140625 0.1140625
0 0.3359375 0.55234375 0.13125 0.1359375
0 0.2125 0.61875 0.13125 0.109375
0 0.20234375 0.7328125 0.1234375 0.115625
0 0.3234375 0.66875 0.10625 0.128125
0 0.5609375 0.540625 0.121875 0.1125
0 0.4390625 0.596875 0.121875 0.121875
0 0.440625 0.70546875 0.109375 0.1140625
0 0.59921875 0.6296875 0.1015625 0.121875
0 0.5390625 0.715625 0.084375 0.128125
0 0.70625 0.69609375 0.15 0.1484375