2 0.8140625 0.2921875 0.128125 0.11875
2 0.19296875 0.6625 0.1796875 0.171875
2 0.621875 0.35390625 0.175 0.1890625
2 0.7921875 0.415625 0.175 0.15
2 0.38359375 0.32265625 0.1484375 0.1640625
2 0.22421875 0.2734375 0.1578125 0.153125
2 0.2421875 0.40625 0.1375 0.13125
2 0.2296875 0.5234375 0.1375 0.128125
2 0.3515625 0.675 0.1875 0.18125
2 0.3890625 0.5203125 0.15625 0.15625
2 0.49765625 0.44453125 0.1734375 0.1640625
2 0.625 0.5171875 0.11875 0.128125
2 0.8140625 0.54765625 0.18125 0.1578125
2 0.7953125 0.66875 0.13125 0.1375
2 0.59375 0.60546875 0.115625 0.1109375
2 0.49375 0.6203125 0.125 0.121875
2 0.53203125 0.70625 0.1203125 0.1125
2 0.6640625 0.70078125 0.153125 0.1390625