2 0.7984375 0.2703125 0.128125 0.134375
2 0.77578125 0.71953125 0.1484375 0.1484375
2 0.64921875 0.74140625 0.1015625 0.0859375
2 0.80859375 0.403125 0.1265625 0.10625
2 0.8453125 0.51484375 0.146875 0.1234375
2 0.85390625 0.60859375 0.1109375 0.0953125
2 0.6671875 0.35 0.1375 0.140625
2 0.5484375 0.296875 0.121875 0.128125
2 0.42265625 0.31328125 0.1015625 0.0984375
2 0.30390625 0.3109375 0.1453125 0.16875
2 0.26171875 0.44609375 0.1609375 0.1640625
2 0.39765625 0.403125 0.1140625 0.103125
2 0.51953125 0.4515625 0.1453125 0.146875
2 0.6484375 0.48515625 0.165625 0.1421875
2 0.72890625 0.56640625 0.1109375 0.0984375
2 0.6609375 0.6328125 0.125 0.121875
2 0.38515625 0.4984375 0.1171875 0.103125
2 0.2625 0.56875 0.11875 0.125
2 0.49375 0.578125 0.125 0.121875
2 0.5515625 0.6484375 0.13125 0.125
2 0.54453125 0.753125 0.1234375 0.109375
2 0.39296875 0.603125 0.1046875 0.125
2 0.2765625 0.67421875 0.146875 0.1265625
2 0.4140625 0.76171875 0.1125 0.1359375