0 0.7375 0.2125 0.1375 0.13125
0 0.7 0.34609375 0.125 0.1140625
0 0.66171875 0.47109375 0.1359375 0.1328125
0 0.6515625 0.59296875 0.11875 0.1109375
0 0.6546875 0.69609375 0.146875 0.1390625
0 0.59765625 0.790625 0.1234375 0.125
0 0.49140625 0.79921875 0.1234375 0.1234375
0 0.378125 0.815625 0.134375 0.134375
0 0.46796875 0.68515625 0.2203125 0.1640625
0 0.565625 0.5453125 0.1375 0.1375
0 0.60859375 0.240625 0.1109375 0.115625
0 0.4921875 0.23828125 0.1125 0.1046875
0 0.5671875 0.3546875 0.134375 0.134375
0 0.52421875 0.44921875 0.1234375 0.1234375
0 0.465625 0.33203125 0.146875 0.1453125
0 0.4125 0.20234375 0.121875 0.1421875
0 0.3 0.17890625 0.128125 0.1328125
0 0.35078125 0.3078125 0.1390625 0.11875
0 0.453125 0.55703125 0.125 0.1328125
0 0.4109375 0.4296875 0.134375 0.134375
0 0.30234375 0.41953125 0.1265625 0.1203125
0 0.3609375 0.584375 0.13125 0.115625
0 0.28203125 0.5171875 0.1359375 0.096875
0 0.284375 0.68515625 0.1625 0.1640625