2 0.36640625 0.1609375 0.1265625 0.153125
2 0.23359375 0.3390625 0.1921875 0.178125
2 0.3625 0.8359375 0.13125 0.14375
2 0.640625 0.16953125 0.16875 0.1796875
2 0.63515625 0.31484375 0.0921875 0.0921875
2 0.4890625 0.1546875 0.14375 0.175
2 0.6609375 0.49609375 0.15625 0.1640625
2 0.52421875 0.315625 0.1234375 0.14375
2 0.39375 0.33515625 0.103125 0.1203125
2 0.52109375 0.4703125 0.1328125 0.1375
2 0.38515625 0.48359375 0.1640625 0.1671875
2 0.64375 0.64921875 0.146875 0.1390625
2 0.5046875 0.62578125 0.1625 0.1609375
2 0.359375 0.61015625 0.1 0.1078125
2 0.20234375 0.49296875 0.1515625 0.1578125
2 0.1953125 0.63125 0.121875 0.134375
2 0.5859375 0.74609375 0.103125 0.1171875
2 0.54921875 0.8234375 0.0828125 0.090625
2 0.48828125 0.74765625 0.1203125 0.1296875
2 0.41015625 0.68359375 0.0921875 0.1046875
2 0.31796875 0.70234375 0.1078125 0.1078125
2 0.26171875 0.2078125 0.1296875 0.146875