2 0.15546875 0.61640625 0.1484375 0.1171875
2 0.32578125 0.75859375 0.1671875 0.1828125
2 0.828125 0.6546875 0.1375 0.125
2 0.17734375 0.34296875 0.1703125 0.1609375
2 0.32265625 0.35703125 0.0859375 0.0859375
2 0.1546875 0.49375 0.16875 0.134375
2 0.5046875 0.33984375 0.15625 0.1484375
2 0.3171875 0.46796875 0.1375 0.1171875
2 0.3296875 0.59921875 0.115625 0.0984375
2 0.4703125 0.47890625 0.13125 0.1265625
2 0.47734375 0.6140625 0.1609375 0.15625
2 0.65703125 0.3640625 0.1328125 0.140625
2 0.625 0.50234375 0.153125 0.1546875
2 0.6015625 0.64765625 0.103125 0.0953125
2 0.4765625 0.79765625 0.15 0.1453125
2 0.61484375 0.8109375 0.1265625 0.115625
2 0.75078125 0.428125 0.1140625 0.096875
2 0.82578125 0.46875 0.0859375 0.078125
2 0.74765625 0.52578125 0.1234375 0.1140625
2 0.678125 0.60078125 0.1 0.0890625
2 0.69296875 0.69296875 0.1015625 0.1046875
2 0.19609375 0.7234375 0.1390625 0.121875