0 0.15625 0.32578125 0.14375 0.1421875
0 0.30625 0.34375 0.109375 0.128125
0 0.14453125 0.44609375 0.1359375 0.1171875
0 0.27421875 0.47734375 0.1140625 0.1109375
0 0.17421875 0.62265625 0.3015625 0.1859375
0 0.1671875 0.7546875 0.134375 0.1125
0 0.45703125 0.30546875 0.1765625 0.1640625
0 0.3875 0.4796875 0.13125 0.165625
0 0.40078125 0.63125 0.1609375 0.146875
0 0.61875 0.3328125 0.128125 0.13125
0 0.7421875 0.34921875 0.11875 0.1484375
0 0.82890625 0.42265625 0.1234375 0.1328125
0 0.684375 0.44765625 0.128125 0.1234375
0 0.5890625 0.46953125 0.075 0.1046875
0 0.5296875 0.540625 0.121875 0.115625
0 0.6296875 0.5640625 0.121875 0.140625
0 0.75390625 0.5390625 0.1234375 0.121875
0 0.86953125 0.54140625 0.1171875 0.1046875
0 0.690625 0.6484375 0.121875 0.1125
0 0.54296875 0.71796875 0.1328125 0.1359375
0 0.65625 0.78984375 0.1625 0.1515625
0 0.8265625 0.69296875 0.153125 0.1640625