2 0.89296875 0.2796875 0.1484375 0.134375
2 0.7703125 0.2609375 0.11875 0.115625
2 0.64921875 0.284375 0.1671875 0.1875
2 0.75234375 0.37109375 0.1515625 0.1515625
2 0.88515625 0.4 0.1609375 0.14375
2 0.50859375 0.296875 0.1328125 0.1375
2 0.3234375 0.2859375 0.175 0.190625
2 0.87578125 0.79609375 0.1796875 0.1546875
2 0.17578125 0.50703125 0.1453125 0.1359375
2 0.48671875 0.60859375 0.1359375 0.1140625
2 0.078125 0.66953125 0.15625 0.1953125
1 0.19609375 0.653125 0.1203125 0.14375
2 0.2921875 0.4390625 0.1625 0.159375
2 0.19609375 0.26015625 0.1390625 0.1421875
2 0.16953125 0.3703125 0.1515625 0.14375
2 0.434375 0.39140625 0.159375 0.1421875
2 0.55625 0.4109375 0.125 0.121875
2 0.4421875 0.50703125 0.134375 0.1421875
2 0.321875 0.56171875 0.146875 0.1515625
2 0.3046875 0.690625 0.15625 0.1625
2 0.4640625 0.73671875 0.190625 0.1796875
2 0.6171875 0.78046875 0.11875 0.1140625
2 0.596875 0.64765625 0.146875 0.1578125
2 0.57421875 0.5171875 0.1609375 0.146875
2 0.7203125 0.47578125 0.175 0.1296875
2 0.8875 0.52265625 0.175 0.1578125
2 0.8828125 0.66171875 0.178125 0.1578125
2 0.728125 0.59453125 0.171875 0.1578125
2 0.74140625 0.71328125 0.1140625 0.1234375