2 0.8484375 0.78671875 0.146875 0.1328125
2 0.725 0.7828125 0.11875 0.115625
2 0.609375 0.73828125 0.16875 0.1859375
2 0.72578125 0.6703125 0.1515625 0.15
2 0.86171875 0.665625 0.1609375 0.14375
2 0.47265625 0.7015625 0.1328125 0.1375
2 0.2890625 0.68125 0.175 0.190625
2 0.915625 0.27265625 0.16875 0.1546875
2 0.18046875 0.43828125 0.1453125 0.1359375
2 0.50546875 0.39140625 0.1359375 0.1140625
2 0.103125 0.25703125 0.18125 0.1953125
1 0.22578125 0.296875 0.1203125 0.14375
2 0.284375 0.5234375 0.1625 0.159375
2 0.16015625 0.68359375 0.1390625 0.1421875
2 0.15234375 0.5703125 0.1515625 0.14375
2 0.41640625 0.596875 0.1609375 0.14375
2 0.53984375 0.59765625 0.1265625 0.1203125
2 0.44453125 0.4828125 0.1328125 0.140625
2 0.3359375 0.40859375 0.146875 0.1515625
2 0.340625 0.2796875 0.15625 0.1625
2 0.50546875 0.26015625 0.1890625 0.1796875
2 0.6640625 0.2453125 0.11875 0.115625
2 0.621875 0.37265625 0.146875 0.1578125
2 0.5765625 0.4953125 0.1625 0.146875
2 0.7125 0.56328125 0.175 0.1296875
2 0.8859375 0.54453125 0.175 0.1578125
2 0.9046875 0.40703125 0.178125 0.1578125
2 0.740625 0.44765625 0.171875 0.1578125
2 0.775 0.3328125 0.115625 0.121875