2 0.178125 0.70703125 0.1875 0.1703125
2 0.35703125 0.7015625 0.1328125 0.1375
0 0.18515625 0.5671875 0.1328125 0.1125
0 0.18515625 0.46171875 0.1640625 0.1234375
0 0.171875 0.35859375 0.10625 0.0953125
0 0.29375 0.334375 0.15 0.128125
0 0.3109375 0.44375 0.11875 0.115625
2 0.34453125 0.54765625 0.1015625 0.0984375
2 0.490625 0.678125 0.115625 0.128125
2 0.60390625 0.67734375 0.1078125 0.1015625
2 0.7390625 0.66171875 0.153125 0.1671875
0 0.4640625 0.53828125 0.115625 0.1171875
0 0.42265625 0.4203125 0.1359375 0.125
0 0.52734375 0.36171875 0.1546875 0.1765625
0 0.6609375 0.32890625 0.1125 0.1140625
0 0.6390625 0.4921875 0.125 0.121875
0 0.7796875 0.49140625 0.13125 0.1265625
0 0.7765625 0.38125 0.115625 0.125