0 0.85546875 0.30390625 0.1453125 0.1484375
0 0.72265625 0.3109375 0.1515625 0.14375
0 0.53359375 0.3265625 0.1609375 0.14375
0 0.3859375 0.3046875 0.11875 0.121875
0 0.30625 0.340625 0.09375 0.10625
0 0.1921875 0.40234375 0.134375 0.1265625
0 0.15859375 0.51796875 0.1328125 0.1265625
0 0.29765625 0.4609375 0.1421875 0.125
2 0.4125 0.4328125 0.115625 0.115625
0 0.23984375 0.59609375 0.1421875 0.1421875
0 0.13671875 0.6734375 0.1234375 0.13125
0 0.23828125 0.7390625 0.1234375 0.140625
0 0.33671875 0.7 0.1234375 0.14375
0 0.37578125 0.5578125 0.1328125 0.146875
0 0.440625 0.69921875 0.10625 0.1078125
0 0.484375 0.6015625 0.134375 0.153125
0 0.5359375 0.4765625 0.128125 0.125
0 0.67890625 0.44296875 0.1390625 0.1203125
2 0.81953125 0.44140625 0.1484375 0.1453125
0 0.81953125 0.56015625 0.1359375 0.1359375
0 0.8046875 0.66328125 0.13125 0.1265625
0 0.78125 0.79375 0.11875 0.121875
0 0.68125 0.57109375 0.1375 0.1265625
0 0.5984375 0.72734375 0.165625 0.2984375
0 0.49609375 0.79765625 0.1140625 0.1390625