4 0.53046875 0.5453125 0.2109375 0.30625
4 0.16484375 0.35625 0.1921875 0.2375
4 0.5796875 0.33203125 0.23125 0.1859375
4 0.58671875 0.69375 0.1453125 0.2
4 0.73046875 0.46328125 0.2453125 0.2640625
4 0.38359375 0.709375 0.1421875 0.190625
4 0.84296875 0.37578125 0.1703125 0.1578125
4 0.2125 0.50859375 0.15625 0.1703125
4 0.371875 0.5453125 0.15 0.18125
4 0.63984375 0.58359375 0.1046875 0.1359375
4 0.7328125 0.66171875 0.246875 0.1984375
4 0.93515625 0.72109375 0.1296875 0.1484375
4 0.50234375 0.734375 0.2484375 0.146875
4 0.28515625 0.27421875 0.1328125 0.1328125
4 0.44375 0.2296875 0.13125 0.140625
4 0.6359375 0.21640625 0.175 0.1359375
4 0.7578125 0.25703125 0.16875 0.1453125
4 0.8828125 0.2515625 0.121875 0.11875
4 0.29453125 0.44453125 0.0859375 0.1015625
4 0.3890625 0.4375 0.14375 0.096875
4 0.36328125 0.34453125 0.0953125 0.0921875
1 0.328125 0.1953125 0.159375 0.109375
0 0.13125 0.1828125 0.16875 0.084375
3 0.09921875 0.69140625 0.1296875 0.2015625