0 0.30078125 0.46484375 0.2328125 0.2453125
0 0.50390625 0.4640625 0.1765625 0.21875
0 0.6765625 0.36796875 0.203125 0.1890625
0 0.8828125 0.37578125 0.21875 0.1765625
0 0.85546875 0.5890625 0.2359375 0.15625
0 0.6828125 0.696875 0.171875 0.1625
0 0.53203125 0.6515625 0.1859375 0.16875
0 0.35703125 0.69296875 0.1890625 0.1765625
0 0.1734375 0.57265625 0.26875 0.2453125
0 0.1421875 0.296875 0.2 0.15
0 0.3921875 0.32578125 0.209375 0.1515625
0 0.14453125 0.72890625 0.2203125 0.1046875
0 0.075 0.421875 0.134375 0.15
0 0.53671875 0.28046875 0.1828125 0.1171875