0 0.36171875 0.6953125 0.1328125 0.1
0 0.44375 0.6 0.140625 0.11875
0 0.26328125 0.4359375 0.1328125 0.11875
0 0.575 0.65 0.11875 0.184375
4 0.73671875 0.525 0.1953125 0.1375
4 0.6234375 0.25078125 0.159375 0.1078125
0 0.40234375 0.36484375 0.1078125 0.1109375
4 0.603125 0.36640625 0.146875 0.1578125
0 0.12265625 0.72734375 0.1515625 0.1421875
4 0.1671875 0.37734375 0.11875 0.1671875
4 0.82109375 0.37578125 0.1609375 0.1671875
4 0.796875 0.23984375 0.1625 0.1359375
4 0.88671875 0.578125 0.1640625 0.14375
0 0.553125 0.49765625 0.18125 0.1171875
0 0.22421875 0.559375 0.1671875 0.1625