0 0.29296875 0.621875 0.1109375 0.140625
0 0.3953125 0.5484375 0.13125 0.15
0 0.54296875 0.7421875 0.1296875 0.140625
0 0.3578125 0.4125 0.19375 0.134375
4 0.49609375 0.26328125 0.1546875 0.2078125
4 0.76015625 0.3984375 0.1203125 0.16875
0 0.6265625 0.6109375 0.11875 0.11875
4 0.64296875 0.409375 0.1703125 0.159375
0 0.2421875 0.85703125 0.153125 0.1609375
4 0.59375 0.84296875 0.175 0.1328125
4 0.653125 0.19296875 0.18125 0.1734375
4 0.7859375 0.22734375 0.15 0.1734375
4 0.45546875 0.10859375 0.1578125 0.1765625
0 0.5078125 0.4484375 0.134375 0.190625
0 0.41640625 0.7703125 0.1765625 0.18125