0 0.54609375 0.69765625 0.2578125 0.2453125
0 0.5359375 0.49609375 0.228125 0.1859375
0 0.62421875 0.3171875 0.2015625 0.2125
0 0.60390625 0.1125 0.1859375 0.225
0 0.3921875 0.15078125 0.16875 0.2421875
0 0.29375 0.32890625 0.171875 0.1796875
0 0.346875 0.47734375 0.178125 0.1953125
0 0.315625 0.6546875 0.1875 0.196875
0 0.44609375 0.8296875 0.2578125 0.28125
0 0.72265625 0.84765625 0.1609375 0.2078125
0 0.68046875 0.59921875 0.1609375 0.2171875
0 0.290625 0.86875 0.115625 0.225
0 0.6 0.92109375 0.15625 0.1421875
0 0.71796875 0.45234375 0.1265625 0.1890625