0 0.70078125 0.6328125 0.1046875 0.1375
0 0.60234375 0.55234375 0.1234375 0.1453125
0 0.44453125 0.73984375 0.1234375 0.1359375
0 0.64765625 0.4203125 0.1890625 0.125
4 0.5171875 0.2640625 0.14375 0.2
4 0.24609375 0.3859375 0.1140625 0.1625
0 0.36875 0.603125 0.1125 0.1125
4 0.36171875 0.40234375 0.1609375 0.1515625
0 0.73984375 0.87109375 0.1453125 0.1546875
4 0.38828125 0.8375 0.1703125 0.125
4 0.36484375 0.184375 0.1734375 0.165625
4 0.2296875 0.21328125 0.140625 0.1671875
4 0.565625 0.11171875 0.15 0.1703125
0 0.4953125 0.44765625 0.125 0.1859375
0 0.56875 0.775 0.16875 0.171875