0 0.81796875 0.384375 0.3640625 0.35625
0 0.878125 0.66640625 0.240625 0.3328125
0 0.6671875 0.125 0.3125 0.25
1 0.61171875 0.6078125 0.2796875 0.2625
1 0.54921875 0.8203125 0.2953125 0.259375
0 0.4609375 0.2703125 0.253125 0.190625
0 0.2296875 0.18828125 0.25625 0.2640625
0 0.05859375 0.225 0.1140625 0.296875
1 0.33046875 0.6234375 0.3296875 0.265625
1 0.2328125 0.425 0.24375 0.25625
1 0.50234375 0.4078125 0.2828125 0.240625
0 0.40625 0.09296875 0.28125 0.1828125
0 0.1453125 0.075 0.225 0.146875