2 0.8734375 0.2734375 0.2 0.175
2 0.8984375 0.46796875 0.18125 0.2046875
2 0.88671875 0.68984375 0.1953125 0.2109375
2 0.69296875 0.6796875 0.1765625 0.21875
2 0.6890625 0.465625 0.2125 0.190625
2 0.6625 0.26875 0.209375 0.175
2 0.46015625 0.271875 0.1890625 0.16875
2 0.48046875 0.46640625 0.2046875 0.1984375
2 0.48671875 0.67578125 0.2234375 0.1859375
2 0.278125 0.675 0.19375 0.203125
2 0.2859375 0.4734375 0.171875 0.178125
2 0.26953125 0.271875 0.1828125 0.178125
3 0.08828125 0.26953125 0.1671875 0.1609375
3 0.09453125 0.46875 0.1859375 0.178125
3 0.09140625 0.6796875 0.1734375 0.165625