2 0.70078125 0.8890625 0.1890625 0.2125
2 0.50546875 0.90078125 0.2171875 0.1953125
2 0.284375 0.87265625 0.221875 0.2109375
2 0.3078125 0.67890625 0.23125 0.1921875
2 0.52109375 0.690625 0.2046875 0.225
2 0.71953125 0.67890625 0.1890625 0.2203125
2 0.73125 0.47578125 0.18125 0.1984375
2 0.5359375 0.4828125 0.2125 0.21875
2 0.3265625 0.4734375 0.203125 0.234375
2 0.340625 0.26640625 0.215625 0.2078125
2 0.54140625 0.2890625 0.1890625 0.184375
2 0.74375 0.28515625 0.190625 0.1953125
3 0.759375 0.1046875 0.171875 0.178125
3 0.559375 0.09765625 0.190625 0.1953125
3 0.3484375 0.0859375 0.178125 0.171875