1 0.653125 0.35546875 0.171875 0.2453125
1 0.0546875 0.4359375 0.109375 0.146875
1 0.4109375 0.40859375 0.221875 0.1484375
1 0.903125 0.52265625 0.134375 0.1421875
1 0.578125 0.58828125 0.18125 0.1828125
1 0.415625 0.5453125 0.15 0.1375
1 0.1734375 0.6 0.225 0.178125
1 0.4171875 0.74140625 0.23125 0.1390625
1 0.7265625 0.7203125 0.13125 0.171875
1 0.6859375 0.54453125 0.1875 0.1734375
1 0.24765625 0.32890625 0.2015625 0.1609375
1 0.515625 0.2703125 0.121875 0.159375
1 0.41875 0.2265625 0.190625 0.11875
1 0.66640625 0.21953125 0.1265625 0.1015625
1 0.59921875 0.70859375 0.1265625 0.1671875
1 0.16484375 0.721875 0.1953125 0.2
1 0.284375 0.49921875 0.134375 0.1734375
1 0.10078125 0.28359375 0.1984375 0.1578125
1 0.16171875 0.43359375 0.1828125 0.1453125
1 0.215625 0.215625 0.134375 0.096875