3 0.525 0.6828125 0.3 0.1375
3 0.8359375 0.70546875 0.3 0.1484375
3 0.62421875 0.59453125 0.4734375 0.2484375
3 0.659375 0.440625 0.26875 0.178125
3 0.5671875 0.34765625 0.328125 0.1859375
3 0.115625 0.28125 0.2 0.121875
3 0.2921875 0.26328125 0.165625 0.0515625
3 0.134375 0.53671875 0.26875 0.3578125
3 0.084375 0.62265625 0.16875 0.1703125
3 0.9625 0.33984375 0.075 0.0828125
3 0.96015625 0.45625 0.0796875 0.171875
3 0.2234375 0.34609375 0.153125 0.1640625
3 0.39765625 0.4609375 0.3046875 0.253125
3 0.8734375 0.47421875 0.153125 0.2609375
3 0.78046875 0.38515625 0.1453125 0.2078125
3 0.94765625 0.59453125 0.1046875 0.1421875
3 0.30234375 0.58828125 0.2921875 0.2640625