4 0.215625 0.51328125 0.259375 0.2234375
4 0.60625 0.71640625 0.246875 0.1515625
4 0.4375 0.746875 0.20625 0.171875
4 0.55625 0.54375 0.221875 0.20625
4 0.3828125 0.5 0.2 0.209375
4 0.74453125 0.4890625 0.1546875 0.246875
4 0.8640625 0.615625 0.171875 0.228125
4 0.75546875 0.30234375 0.1953125 0.1984375
4 0.08125 0.71875 0.1625 0.190625
4 0.31953125 0.6703125 0.2046875 0.246875
4 0.0609375 0.55078125 0.121875 0.1890625
4 0.896875 0.4203125 0.1625 0.215625
4 0.5234375 0.278125 0.215625 0.153125
4 0.85625 0.77578125 0.25 0.2046875
4 0.55078125 0.81640625 0.2296875 0.1109375
4 0.10390625 0.378125 0.2046875 0.15
4 0.5828125 0.37421875 0.290625 0.2015625