1 0.8765625 0.403125 0.23125 0.2625
1 0.421875 0.7390625 0.284375 0.190625
1 0.67265625 0.40546875 0.2453125 0.2171875
1 0.1109375 0.68671875 0.221875 0.2609375
1 0.34296875 0.43125 0.2640625 0.25
0 0.1734375 0.35625 0.253125 0.20625
0 0.91328125 0.76953125 0.1609375 0.1546875
1 0.4890625 0.2671875 0.2625 0.20625
0 0.58515625 0.596875 0.3546875 0.334375
0 0.91015625 0.60625 0.1796875 0.225
0 0.7578125 0.66796875 0.24375 0.3546875
0 0.30703125 0.6515625 0.3234375 0.19375
0 0.14375 0.5390625 0.2875 0.1875
0 0.78046875 0.25859375 0.2265625 0.1671875
0 0.16640625 0.25703125 0.2546875 0.1296875
0 0.34921875 0.23984375 0.1515625 0.1578125