4 0.4828125 0.215625 0.21875 0.25625
4 0.28671875 0.609375 0.1453125 0.24375
4 0.253125 0.4421875 0.16875 0.203125
4 0.4578125 0.55625 0.203125 0.21875
4 0.4984375 0.3828125 0.20625 0.196875
4 0.515625 0.74375 0.24375 0.15
4 0.390625 0.865625 0.225 0.16875
4 0.703125 0.75234375 0.19375 0.1921875
4 0.2734375 0.0828125 0.1875 0.165625
4 0.3265625 0.32265625 0.24375 0.2015625
4 0.440625 0.0609375 0.1875 0.121875
4 0.5875 0.8953125 0.2125 0.159375
4 0.72265625 0.51875 0.1484375 0.2125
4 0.23125 0.8609375 0.2 0.246875
4 0.184375 0.55625 0.10625 0.228125
4 0.615625 0.1015625 0.146875 0.203125
4 0.628125 0.5796875 0.196875 0.2875