2 0.84765625 0.23671875 0.2171875 0.1953125
2 0.89296875 0.42578125 0.2015625 0.2203125
2 0.89765625 0.646875 0.2046875 0.228125
2 0.7109375 0.65859375 0.2 0.2359375
2 0.684375 0.446875 0.23125 0.2125
2 0.63828125 0.25390625 0.2265625 0.1953125
2 0.43671875 0.278125 0.2046875 0.1875
2 0.47734375 0.46796875 0.2234375 0.2203125
2 0.5046875 0.6765625 0.240625 0.209375
2 0.29765625 0.696875 0.2140625 0.221875
2 0.28515625 0.49609375 0.1890625 0.1953125
2 0.246875 0.2984375 0.2 0.196875
3 0.07890625 0.31328125 0.1578125 0.1796875
3 0.09765625 0.5109375 0.1953125 0.196875
3 0.1125 0.72265625 0.190625 0.1828125