0 0.5359375 0.6859375 0.134375 0.0875
0 0.37578125 0.68515625 0.0984375 0.1046875
0 0.8671875 0.540625 0.134375 0.115625
0 0.07421875 0.53671875 0.0921875 0.0609375
0 0.7015625 0.54140625 0.115625 0.0921875
0 0.87109375 0.67421875 0.1515625 0.0953125
0 0.7015625 0.66953125 0.11875 0.0953125
0 0.53515625 0.54921875 0.1109375 0.0921875
0 0.371875 0.53984375 0.128125 0.0859375
0 0.2203125 0.5328125 0.1125 0.078125
0 0.065625 0.68515625 0.10625 0.0921875
0 0.22109375 0.68515625 0.1140625 0.0890625
3 0.3765625 0.33359375 0.115625 0.0921875
3 0.22578125 0.32734375 0.1078125 0.0921875
3 0.07265625 0.321875 0.0828125 0.075
3 0.53203125 0.32265625 0.1171875 0.1015625
3 0.68671875 0.32421875 0.1171875 0.0984375
3 0.8515625 0.321875 0.146875 0.115625