0 0.6359375 0.309375 0.190625 0.16875
0 0.7421875 0.65390625 0.18125 0.1421875
0 0.34765625 0.57734375 0.1328125 0.1265625
0 0.359375 0.45859375 0.153125 0.1046875
0 0.35234375 0.353125 0.0984375 0.109375
0 0.45078125 0.2703125 0.1078125 0.128125
0 0.71796875 0.490625 0.1296875 0.1
0 0.5796875 0.61953125 0.13125 0.1578125
0 0.59375 0.753125 0.13125 0.15
0 0.6984375 0.73828125 0.14375 0.0953125
0 0.81328125 0.28203125 0.1421875 0.1671875
0 0.71484375 0.48984375 0.1265625 0.1046875
0 0.44140625 0.41171875 0.1171875 0.0890625
0 0.39921875 0.72109375 0.1109375 0.1078125
0 0.5203125 0.465625 0.121875 0.090625