1 0.34296875 0.640625 0.1796875 0.253125
1 0.94296875 0.5796875 0.1140625 0.15
1 0.58671875 0.5953125 0.2265625 0.15625
1 0.09765625 0.46484375 0.1390625 0.1484375
1 0.425 0.4109375 0.1875 0.1875
1 0.58671875 0.45859375 0.1546875 0.1421875
1 0.8296875 0.41171875 0.23125 0.1859375
1 0.59140625 0.26328125 0.2359375 0.1453125
1 0.28125 0.27265625 0.1375 0.1765625
1 0.315625 0.45078125 0.19375 0.1796875
1 0.746875 0.68125 0.20625 0.16875
1 0.4765625 0.72890625 0.128125 0.1640625
1 0.57265625 0.7765625 0.1953125 0.125
1 0.32578125 0.775 0.1296875 0.10625
1 0.409375 0.28984375 0.134375 0.1703125
1 0.84375 0.290625 0.203125 0.20625
1 0.715625 0.509375 0.140625 0.178125
1 0.8921875 0.73203125 0.203125 0.1640625
1 0.83671875 0.5796875 0.1890625 0.153125
1 0.775 0.79453125 0.1375 0.1015625