1 0.06484375 0.071875 0.1265625 0.14375
1 0.1890625 0.04453125 0.125 0.0859375
1 0.30546875 0.0984375 0.1296875 0.184375
1 0.16796875 0.16953125 0.1859375 0.1953125
1 0.29921875 0.2484375 0.1484375 0.13125
1 0.43671875 0.17890625 0.1515625 0.1953125
1 0.44375 0.0390625 0.221875 0.078125
1 0.05703125 0.23828125 0.1109375 0.1546875
1 0.18125 0.325 0.1875 0.159375
1 0.41171875 0.35546875 0.2296875 0.1515625
1 0.065625 0.425 0.13125 0.203125
1 0.490625 0.4640625 0.15625 0.18125
1 0.2109375 0.4890625 0.20625 0.209375
1 0.12109375 0.6578125 0.1515625 0.153125
1 0.290625 0.6625 0.21875 0.153125
1 0.375 0.52109375 0.15625 0.1421875
1 0.04375 0.7453125 0.0875 0.165625
1 0.1796875 0.79921875 0.2375 0.1828125
1 0.375 0.8265625 0.18125 0.234375
1 0.08359375 0.91328125 0.1640625 0.1671875
1 0.6421875 0.03828125 0.18125 0.0734375
1 0.80234375 0.05078125 0.1578125 0.0984375
1 0.9328125 0.0359375 0.134375 0.071875
1 0.9078125 0.178125 0.184375 0.26875
1 0.60234375 0.14453125 0.1859375 0.1734375
1 0.740625 0.1625 0.1625 0.159375
1 0.80859375 0.28125 0.1546875 0.146875
1 0.6375 0.35234375 0.234375 0.2109375
1 0.82890625 0.40859375 0.1453125 0.1578125
1 0.95 0.39453125 0.1 0.1921875
1 0.72734375 0.5140625 0.1609375 0.153125
1 0.89765625 0.58515625 0.2046875 0.2078125
1 0.58828125 0.57109375 0.1484375 0.1890625
1 0.73203125 0.65546875 0.1765625 0.1265625
1 0.46171875 0.6375 0.1265625 0.1625
1 0.58671875 0.7859375 0.2640625 0.259375
1 0.83984375 0.74765625 0.1484375 0.1796875
1 0.9484375 0.75703125 0.103125 0.1796875
1 0.75703125 0.865625 0.1421875 0.1625
1 0.575 0.9375 0.146875 0.125
1 0.43125 0.9609375 0.16875 0.078125
1 0.72734375 0.9578125 0.1765625 0.084375
1 0.890625 0.90703125 0.21875 0.1859375
3 0.2515625 0.934375 0.16875 0.13125