3 0.459375 0.6796875 0.290625 0.1125
3 0.1484375 0.67578125 0.290625 0.1234375
3 0.36953125 0.58359375 0.4546875 0.2078125
3 0.346875 0.4265625 0.25625 0.15625
3 0.446875 0.34296875 0.315625 0.1578125
3 0.90390625 0.315625 0.1921875 0.10625
3 0.72890625 0.28203125 0.1640625 0.0359375
3 0.86875 0.56875 0.25625 0.3375
3 0.9109375 0.659375 0.171875 0.15625
3 0.04375 0.3 0.0875 0.075
3 0.0390625 0.415625 0.078125 0.165625
3 0.78984375 0.37109375 0.1390625 0.1546875
3 0.60703125 0.47109375 0.2859375 0.2296875
3 0.13203125 0.4421875 0.1328125 0.25
3 0.23125 0.3609375 0.128125 0.196875
3 0.04765625 0.5546875 0.0921875 0.134375
3 0.68984375 0.6046875 0.2703125 0.240625