1 0.928125 0.06796875 0.13125 0.1359375
1 0.80234375 0.04140625 0.1265625 0.0828125
1 0.68828125 0.09609375 0.1328125 0.1859375
1 0.82734375 0.16328125 0.1890625 0.1984375
1 0.696875 0.2453125 0.15 0.134375
1 0.559375 0.178125 0.15625 0.196875
1 0.54765625 0.0390625 0.2234375 0.078125
1 0.93984375 0.2296875 0.1140625 0.15625
1 0.815625 0.3203125 0.190625 0.1625
1 0.5875 0.35390625 0.23125 0.1578125
1 0.9328125 0.41796875 0.134375 0.2046875
1 0.509375 0.4640625 0.159375 0.184375
1 0.7890625 0.484375 0.209375 0.2125
1 0.8828125 0.6515625 0.15625 0.15625
1 0.7125 0.659375 0.221875 0.15625
1 0.625 0.51875 0.159375 0.14375
1 0.95703125 0.73671875 0.0859375 0.1671875
1 0.8265625 0.79296875 0.240625 0.1890625
1 0.63046875 0.825 0.1859375 0.2375
1 0.91953125 0.9046875 0.1609375 0.171875
1 0.35078125 0.040625 0.1828125 0.078125
1 0.190625 0.05546875 0.159375 0.1015625
1 0.06328125 0.04296875 0.1265625 0.0734375
1 0.090625 0.184375 0.18125 0.271875
1 0.39296875 0.1453125 0.1890625 0.178125
1 0.2546875 0.1671875 0.165625 0.1625
1 0.18828125 0.2875 0.1578125 0.15
1 0.3609375 0.35390625 0.2375 0.2140625
1 0.17109375 0.4140625 0.1484375 0.1625
1 0.05 0.40078125 0.1 0.1953125
1 0.2734375 0.51875 0.1625 0.15625
1 0.10546875 0.59140625 0.2078125 0.2109375
1 0.4140625 0.571875 0.153125 0.19375
1 0.271875 0.659375 0.178125 0.13125
1 0.5421875 0.63671875 0.13125 0.1640625
1 0.41953125 0.78828125 0.2703125 0.2640625
1 0.16640625 0.753125 0.1515625 0.184375
1 0.05625 0.7640625 0.10625 0.18125
1 0.25 0.8703125 0.146875 0.165625
1 0.43203125 0.9375 0.1484375 0.125
1 0.57734375 0.959375 0.1703125 0.08125
1 0.28046875 0.95859375 0.1796875 0.0828125
1 0.115625 0.90859375 0.221875 0.1828125
3 0.75703125 0.9296875 0.1703125 0.134375