1 0.35 0.35234375 0.253125 0.1796875
1 0.4515625 0.9453125 0.15 0.109375
1 0.41171875 0.59296875 0.1546875 0.2265625
1 0.50859375 0.09609375 0.1484375 0.1390625
1 0.584375 0.41875 0.1875 0.1875
1 0.54921875 0.58359375 0.1421875 0.1546875
1 0.61171875 0.8234375 0.1859375 0.23125
1 0.74453125 0.57421875 0.1453125 0.2359375
1 0.71328125 0.265625 0.1765625 0.1375
1 0.5375 0.3125 0.18125 0.19375
1 0.3375 0.759375 0.16875 0.20625
1 0.26953125 0.4921875 0.1640625 0.128125
1 0.2296875 0.59140625 0.125 0.1953125
1 0.21328125 0.3453125 0.1046875 0.128125
1 0.7046875 0.39453125 0.171875 0.1328125
1 0.734375 0.82890625 0.20625 0.2015625
1 0.50703125 0.715625 0.1765625 0.140625
1 0.296875 0.90234375 0.165625 0.1953125
1 0.4453125 0.84140625 0.153125 0.1890625
1 0.22578125 0.79375 0.1015625 0.1375