0 0.6359375 0.309375 0.190625 0.16875
0 0.7421875 0.653125 0.18125 0.14375
0 0.346875 0.5765625 0.13125 0.128125
0 0.359375 0.45859375 0.153125 0.1046875
0 0.3515625 0.353125 0.096875 0.109375
0 0.45078125 0.2703125 0.1078125 0.128125
0 0.7171875 0.490625 0.128125 0.1
0 0.5796875 0.61875 0.13125 0.15625
0 0.59375 0.753125 0.13125 0.15
0 0.6984375 0.7375 0.14375 0.09375
0 0.81328125 0.28203125 0.1421875 0.1671875
0 0.71484375 0.48984375 0.1265625 0.1046875
0 0.440625 0.4109375 0.11875 0.090625
0 0.3984375 0.7203125 0.109375 0.109375
0 0.5203125 0.465625 0.121875 0.090625