4 0.42265625 0.57734375 0.1171875 0.1078125
4 0.46484375 0.38515625 0.1171875 0.1234375
4 0.47265625 0.29609375 0.1203125 0.1140625
4 0.3828125 0.36796875 0.11875 0.1421875
4 0.3203125 0.8953125 0.115625 0.15
4 0.64140625 0.79921875 0.0984375 0.0734375
4 0.66796875 0.71640625 0.0859375 0.0890625
4 0.69296875 0.66484375 0.0921875 0.0859375
4 0.77890625 0.6921875 0.0734375 0.09375
4 0.75859375 0.76640625 0.0796875 0.0796875
4 0.72421875 0.93203125 0.1078125 0.0765625
4 0.73359375 0.86796875 0.0890625 0.0859375
4 0.67109375 0.87734375 0.0984375 0.0859375
4 0.81171875 0.834375 0.0671875 0.078125
4 0.75234375 0.971875 0.0859375 0.05625