4 0.43203125 0.5859375 0.1203125 0.128125
4 0.61875 0.52421875 0.134375 0.1296875
4 0.70546875 0.50625 0.1265625 0.13125
4 0.64453125 0.6046875 0.1515625 0.13125
4 0.12578125 0.72109375 0.1609375 0.1296875
4 0.18828125 0.39140625 0.0828125 0.1046875
4 0.26875 0.35625 0.096875 0.09375
4 0.31640625 0.3265625 0.0953125 0.1
4 0.28046875 0.24453125 0.1015625 0.0828125
4 0.209375 0.271875 0.0875 0.0875
4 0.046875 0.32265625 0.0875 0.1140625
4 0.109375 0.3078125 0.09375 0.096875
4 0.10859375 0.3703125 0.0953125 0.10625
4 0.13671875 0.225 0.0828125 0.075
4 0.01796875 0.2984375 0.0359375 0.090625