4 0.42265625 0.57734375 0.1046875 0.1171875
4 0.6140625 0.5375 0.121875 0.115625
4 0.70390625 0.53125 0.1109375 0.11875
4 0.63046875 0.6203125 0.1390625 0.115625
4 0.10234375 0.6734375 0.1484375 0.1125
4 0.203125 0.353125 0.071875 0.096875
4 0.2875 0.328125 0.0875 0.084375
4 0.3390625 0.30546875 0.084375 0.0890625
4 0.31328125 0.21875 0.0921875 0.071875
4 0.2390625 0.2375 0.078125 0.078125
4 0.07265625 0.26875 0.0734375 0.10625
4 0.1359375 0.2609375 0.084375 0.0875
4 0.1265625 0.3234375 0.084375 0.096875
4 0.17265625 0.18359375 0.0765625 0.0640625
4 0.03046875 0.2390625 0.0578125 0.084375