3 0.1625 0.4375 0.3109375 0.1828125
3 0.26796875 0.28359375 0.28359375 0.146875
3 0.50859375 0.2859375 0.23359375 0.21796875
3 0.41796875 0.45546875 0.23203125 0.14921875
3 0.8109375 0.425 0.3609375 0.14921875
3 0.7359375 0.60546875 0.25 0.25703125
3 0.296875 0.6359375 0.2734375 0.16484375
3 0.334375 0.7953125 0.190625 0.21484375
3 0.50390625 0.721875 0.17109375 0.196875
3 0.68125 0.79296875 0.1578125 0.19921875
3 0.90234375 0.92734375 0.1921875 0.1453125
3 0.1578125 0.90625 0.309375 0.1875
3 0.1 0.60390625 0.14921875 0.13359375
3 0.1328125 0.7109375 0.16875 0.11328125
3 0.271875 0.15390625 0.19609375 0.1265625
3 0.25390625 0.05234375 0.18125 0.1046875
3 0.4171875 0.0625 0.20625 0.125
3 0.55703125 0.0859375 0.18671875 0.12421875
3 0.69609375 0.13203125 0.19921875 0.1859375
3 0.7734375 0.2515625 0.228125 0.17734375
3 0.59375 0.4390625 0.14921875 0.20078125