3 0.31796875 0.27890625 0.33046875 0.28671875
3 0.80078125 0.396875 0.3984375 0.45625
3 0.42109375 0.61328125 0.46640625 0.38515625
3 0.14296875 0.79921875 0.2859375 0.2859375
3 0.5984375 0.8859375 0.36640625 0.22734375
3 0.89921875 0.7546875 0.20078125 0.25
3 0.34296875 0.934375 0.2265625 0.13125
3 0.075 0.20546875 0.14765625 0.17890625
3 0.1390625 0.40546875 0.1890625 0.2109375
3 0.50390625 0.13203125 0.23671875 0.1828125
3 0.23046875 0.08125 0.26953125 0.1625
3 0.69609375 0.07578125 0.23671875 0.14375
3 0.634375 0.23984375 0.221875 0.1640625