3 0.42109375 0.35546875 0.19609375 0.36953125
3 0.7765625 0.27578125 0.18515625 0.30546875
3 0.8734375 0.53515625 0.253125 0.3546875
3 0.68671875 0.7453125 0.24375 0.37265625
3 0.46484375 0.78828125 0.2546875 0.34140625
3 0.33203125 0.534375 0.2328125 0.30390625
3 0.21328125 0.321875 0.26640625 0.29453125
3 0.25234375 0.809375 0.25 0.38125
3 0.42421875 0.08671875 0.1765625 0.1734375
3 0.609375 0.13671875 0.22109375 0.27265625
3 0.265625 0.121875 0.2359375 0.2390625
3 0.09140625 0.25 0.15 0.4078125