3 0.7 0.6125 0.33671875 0.36015625
3 0.434375 0.7734375 0.26796875 0.26484375
3 0.2796875 0.60546875 0.24921875 0.2828125
3 0.10625 0.728125 0.16875 0.19921875
3 0.22265625 0.88828125 0.23125 0.2234375
3 0.678125 0.89765625 0.3015625 0.2046875
3 0.15859375 0.29375 0.2609375 0.1734375
3 0.32421875 0.3734375 0.2421875 0.16484375
3 0.11484375 0.4828125 0.2109375 0.2625
3 0.4890625 0.50703125 0.21796875 0.28671875
3 0.84375 0.32265625 0.3125 0.2671875
3 0.7890625 0.10234375 0.41875 0.2046875
3 0.6109375 0.26484375 0.2234375 0.2515625
3 0.42109375 0.09765625 0.29765625 0.17578125
3 0.41328125 0.28046875 0.24765625 0.209375
3 0.22109375 0.1890625 0.24765625 0.1234375