3 0.45078125 0.3546875 0.24453125 0.4734375
3 0.9 0.271875 0.2 0.3625
3 0.79375 0.35625 0.17890625 0.29296875
3 0.60078125 0.209375 0.25390625 0.2265625
3 0.30625 0.078125 0.284375 0.15625
3 0.50625 0.065625 0.171875 0.13125
3 0.6875 0.07265625 0.2625 0.1453125
3 0.27109375 0.45390625 0.2125 0.33359375
3 0.440625 0.790625 0.25234375 0.23203125
3 0.771875 0.7421875 0.37265625 0.359375
3 0.71796875 0.53046875 0.33125 0.2359375
1 0.24765625 0.20625 0.21484375 0.240625
1 0.10078125 0.73984375 0.19375 0.434375