2 0.3109375 0.6671875 0.053125 0.040625
2 0.35390625 0.653125 0.0328125 0.04375
2 0.453125 0.64609375 0.05625 0.0390625
2 0.49453125 0.72109375 0.0578125 0.0328125
2 0.39921875 0.6546875 0.0515625 0.046875
2 0.5578125 0.66640625 0.040625 0.0421875
2 0.575 0.6875 0.040625 0.034375
2 0.3796875 0.5984375 0.05 0.05
2 0.3125 0.5953125 0.046875 0.06875
2 0.2765625 0.5796875 0.040625 0.0375
2 0.221875 0.56796875 0.065625 0.0703125
2 0.246875 0.52734375 0.0625 0.0828125
2 0.371875 0.55546875 0.053125 0.0484375
2 0.3921875 0.50859375 0.096875 0.0484375
2 0.3703125 0.44453125 0.053125 0.0421875
2 0.334375 0.41484375 0.05625 0.0453125
2 0.25703125 0.45234375 0.0671875 0.0578125
2 0.4765625 0.38984375 0.059375 0.0390625
2 0.4515625 0.4546875 0.04375 0.04375
2 0.44765625 0.5015625 0.0421875 0.053125
2 0.47734375 0.5359375 0.0453125 0.065625
2 0.52109375 0.58828125 0.0484375 0.0671875
2 0.64375 0.5515625 0.078125 0.046875
2 0.5609375 0.51875 0.053125 0.0375
2 0.559375 0.4734375 0.0875 0.08125
2 0.453125 0.4515625 0.0375 0.040625
2 0.4765625 0.39296875 0.05 0.0390625
2 0.3328125 0.41484375 0.065625 0.0515625
2 0.25390625 0.4515625 0.0734375 0.059375
2 0.14921875 0.4265625 0.0671875 0.059375
2 0.04296875 0.4046875 0.0515625 0.053125
2 0.64375 0.3234375 0.084375 0.05
2 0.7234375 0.34921875 0.065625 0.0515625
2 0.85 0.31015625 0.071875 0.0546875
2 0.81640625 0.40234375 0.0671875 0.0671875
2 0.88828125 0.41953125 0.0515625 0.0515625
2 0.9734375 0.41796875 0.053125 0.0765625
2 0.97265625 0.51015625 0.0546875 0.0484375
2 0.85078125 0.51015625 0.0671875 0.0734375
2 0.8296875 0.5625 0.075 0.053125
2 0.78984375 0.6296875 0.0484375 0.065625
2 0.82578125 0.67421875 0.0734375 0.0359375
2 0.82890625 0.7203125 0.0421875 0.0625
2 0.94375 0.7 0.046875 0.04375
2 0.15625 0.590625 0.065625 0.046875
2 0.06640625 0.49140625 0.0640625 0.0578125