2 0.66484375 0.6921875 0.0390625 0.053125
2 0.6515625 0.65 0.04375 0.034375
2 0.64609375 0.55 0.0390625 0.05625
2 0.7203125 0.509375 0.034375 0.059375
2 0.65234375 0.60390625 0.0484375 0.0546875
2 0.6671875 0.44609375 0.04375 0.0421875
2 0.6890625 0.4296875 0.034375 0.040625
2 0.59609375 0.62421875 0.0515625 0.0515625
2 0.5921875 0.6890625 0.06875 0.046875
2 0.575 0.725 0.0375 0.040625
2 0.5640625 0.7796875 0.071875 0.065625
2 0.52265625 0.75390625 0.0828125 0.0640625
2 0.55234375 0.63046875 0.0484375 0.0546875
2 0.50625 0.609375 0.05 0.096875
2 0.44296875 0.6296875 0.0421875 0.053125
2 0.4125 0.665625 0.046875 0.05625
2 0.44765625 0.74375 0.0578125 0.06875
2 0.3890625 0.521875 0.040625 0.059375
2 0.45390625 0.54921875 0.0453125 0.0453125
2 0.5015625 0.55390625 0.053125 0.0421875
2 0.5359375 0.525 0.065625 0.046875
2 0.58828125 0.48125 0.0703125 0.05
2 0.55390625 0.35859375 0.0484375 0.0765625
2 0.51875 0.4390625 0.0375 0.053125
2 0.47578125 0.44140625 0.0828125 0.0890625
2 0.4515625 0.54765625 0.040625 0.0390625
2 0.39296875 0.521875 0.0390625 0.05
2 0.41171875 0.6671875 0.0515625 0.065625
2 0.4484375 0.746875 0.0625 0.075
2 0.421875 0.85078125 0.059375 0.0671875
2 0.39765625 0.95546875 0.0546875 0.0515625
2 0.32578125 0.35390625 0.0515625 0.0859375
2 0.353125 0.27421875 0.053125 0.0671875
2 0.31640625 0.1484375 0.0546875 0.071875
2 0.4078125 0.1828125 0.06875 0.06875
2 0.42734375 0.11015625 0.0515625 0.0515625
2 0.42578125 0.02578125 0.0765625 0.0515625
2 0.51796875 0.02734375 0.0484375 0.0546875
2 0.5171875 0.15 0.075 0.06875
2 0.56796875 0.17265625 0.0546875 0.0765625
2 0.63359375 0.2125 0.0671875 0.05
2 0.6796875 0.17890625 0.0375 0.0734375
2 0.7265625 0.17578125 0.0625 0.0453125
2 0.70859375 0.0609375 0.0453125 0.046875
2 0.584375 0.8453125 0.046875 0.065625
2 0.4828125 0.93359375 0.059375 0.0640625