1 0.79765625 0.79375 0.2078125 0.140625
1 0.90546875 0.82421875 0.1609375 0.1359375
1 0.76015625 0.86328125 0.1484375 0.0484375
1 0.5484375 0.81484375 0.165625 0.1296875
1 0.6390625 0.7640625 0.184375 0.171875
1 0.709375 0.68359375 0.14375 0.1140625
1 0.86015625 0.696875 0.1953125 0.134375
1 0.9546875 0.69375 0.08125 0.165625
1 0.728125 0.5671875 0.171875 0.175
1 0.92109375 0.575 0.1578125 0.14375
1 0.8453125 0.47734375 0.140625 0.1796875
1 0.79609375 0.57734375 0.1359375 0.1546875
1 0.9546875 0.43515625 0.090625 0.1765625
1 0.8671875 0.3015625 0.246875 0.19375
1 0.93671875 0.2171875 0.1265625 0.159375
3 0.82578125 0.175 0.1296875 0.08125
3 0.72265625 0.20703125 0.1359375 0.1515625
3 0.7484375 0.40703125 0.1375 0.1703125
3 0.63203125 0.3546875 0.1859375 0.1375
3 0.61328125 0.2359375 0.1734375 0.15625
3 0.5578125 0.16796875 0.14375 0.0859375
3 0.44765625 0.234375 0.1796875 0.159375
3 0.440625 0.14296875 0.103125 0.0421875
3 0.51484375 0.3078125 0.1234375 0.11875
3 0.6234375 0.51328125 0.165625 0.1671875
3 0.59609375 0.64140625 0.1296875 0.1265625
3 0.50703125 0.71640625 0.1546875 0.1890625
3 0.38203125 0.78828125 0.1671875 0.1703125
3 0.45546875 0.840625 0.1109375 0.06875
1 0.2640625 0.775 0.134375 0.134375
3 0.384375 0.6421875 0.184375 0.209375
3 0.4875 0.55234375 0.134375 0.1359375
3 0.475 0.42578125 0.146875 0.1828125
3 0.29921875 0.425 0.1046875 0.134375
3 0.3625 0.5046875 0.175 0.18125
3 0.38203125 0.35390625 0.1265625 0.1453125
1 0.328125 0.17109375 0.140625 0.1078125
1 0.228125 0.29296875 0.20625 0.1671875
1 0.215625 0.46484375 0.146875 0.1890625
1 0.2375 0.64140625 0.165625 0.2015625
1 0.22421875 0.83828125 0.1546875 0.0578125
1 0.04921875 0.7734375 0.0984375 0.171875
1 0.121875 0.7390625 0.221875 0.225
1 0.04609375 0.55625 0.0921875 0.284375
1 0.12890625 0.5609375 0.1734375 0.1625
1 0.0984375 0.40390625 0.196875 0.1921875
1 0.1015625 0.23515625 0.190625 0.2265625
1 0.19609375 0.18671875 0.2203125 0.1515625