1 0.821875 0.23359375 0.209375 0.1453125
1 0.925 0.21171875 0.15 0.1390625
1 0.78984375 0.16171875 0.1484375 0.0515625
1 0.57578125 0.1921875 0.1671875 0.13125
1 0.66171875 0.2484375 0.1859375 0.175
1 0.725 0.33515625 0.146875 0.1171875
1 0.8765625 0.3359375 0.196875 0.1375
1 0.9640625 0.34609375 0.071875 0.1640625
1 0.7328125 0.45234375 0.175 0.1765625
1 0.92265625 0.46171875 0.1546875 0.1453125
1 0.8421875 0.553125 0.14375 0.18125
1 0.80234375 0.4484375 0.1390625 0.15625
1 0.95 0.60390625 0.1 0.1765625
1 0.8484375 0.7296875 0.25 0.196875
1 0.915625 0.81953125 0.1375 0.1609375
3 0.79609375 0.8515625 0.1328125 0.084375
3 0.69609375 0.8125 0.1390625 0.153125
3 0.73984375 0.6140625 0.1390625 0.171875
3 0.61875 0.65703125 0.1875 0.1390625
3 0.58984375 0.7734375 0.1765625 0.159375
3 0.52890625 0.83671875 0.1453125 0.0890625
3 0.42421875 0.7609375 0.1828125 0.1625
3 0.41015625 0.85078125 0.1015625 0.0453125
3 0.4984375 0.69296875 0.125 0.1203125
3 0.62421875 0.49921875 0.1671875 0.1703125
3 0.6078125 0.36875 0.13125 0.128125
3 0.525 0.28515625 0.15625 0.1921875
3 0.40859375 0.20234375 0.1671875 0.1734375
3 0.4859375 0.15625 0.1125 0.071875
1 0.2890625 0.20625 0.134375 0.134375
3 0.39765625 0.35 0.1890625 0.2125
3 0.49296875 0.446875 0.1359375 0.1375
3 0.46875 0.57265625 0.15 0.1859375
3 0.29375 0.55859375 0.10625 0.1359375
3 0.3640625 0.48359375 0.178125 0.1828125
3 0.36953125 0.6359375 0.1296875 0.146875
1 0.29921875 0.81328125 0.1421875 0.1109375
1 0.21015625 0.684375 0.2078125 0.171875
1 0.2140625 0.51015625 0.15 0.1921875
1 0.2515625 0.33671875 0.16875 0.2046875
1 0.25546875 0.13984375 0.1578125 0.0609375
1 0.06875 0.18828125 0.115625 0.1734375
1 0.14375 0.2296875 0.225 0.228125
1 0.05078125 0.40390625 0.1015625 0.2859375
1 0.1359375 0.40703125 0.175 0.1640625
1 0.0953125 0.5609375 0.190625 0.19375
1 0.08828125 0.72890625 0.1765625 0.2296875
1 0.16953125 0.78671875 0.2234375 0.1546875