4 0.04375 0.32890625 0.0875 0.1640625
4 0.0671875 0.22265625 0.10625 0.0984375
4 0.3890625 0.22109375 0.20625 0.0984375
4 0.5578125 0.2421875 0.109375 0.115625
4 0.62421875 0.35703125 0.1734375 0.2203125
4 0.71640625 0.2703125 0.1859375 0.18125
4 0.903125 0.3703125 0.19375 0.225
4 0.73984375 0.45234375 0.2046875 0.1546875
4 0.896875 0.57578125 0.2 0.2609375
4 0.60234375 0.55078125 0.1484375 0.1921875
4 0.4734375 0.55390625 0.140625 0.1859375
4 0.315625 0.6125 0.2375 0.18125
4 0.109375 0.56328125 0.20625 0.1984375
4 0.1796875 0.7328125 0.234375 0.190625
4 0.5578125 0.73359375 0.271875 0.1921875
4 0.76171875 0.77265625 0.1953125 0.1203125