1 0.66953125 0.63359375 0.1671875 0.2078125
1 0.3140625 0.18046875 0.25 0.3515625
1 0.67578125 0.1578125 0.3140625 0.315625
1 0.24765625 0.63203125 0.1578125 0.2234375
1 0.50625 0.56171875 0.171875 0.1078125
1 0.37890625 0.5703125 0.1546875 0.109375
1 0.403125 0.69296875 0.190625 0.1984375
1 0.56796875 0.7140625 0.1796875 0.19375
1 0.74765625 0.75078125 0.1703125 0.2171875
1 0.32109375 0.82890625 0.2109375 0.1953125
1 0.5 0.85703125 0.24375 0.1578125
1 0.66875 0.890625 0.175 0.2125
1 0.79140625 0.9078125 0.0828125 0.125
1 0.2203125 0.871875 0.10625 0.19375
1 0.490625 0.93359375 0.1625 0.1328125
1 0.38046875 0.95546875 0.1828125 0.0890625