0 0.90859375 0.853125 0.1828125 0.23125
1 0.63515625 0.60234375 0.2078125 0.2265625
1 0.81328125 0.70390625 0.2546875 0.4078125
1 0.15390625 0.42734375 0.2171875 0.2109375
1 0.6515625 0.82421875 0.203125 0.2703125
1 0.25078125 0.1203125 0.2078125 0.215625
0 0.12109375 0.23046875 0.2296875 0.2640625
0 0.3390625 0.29453125 0.209375 0.3015625
0 0.63046875 0.14765625 0.1859375 0.1890625
0 0.828125 0.09140625 0.2875 0.1828125
0 0.79921875 0.29296875 0.1921875 0.2171875
0 0.16953125 0.83046875 0.3046875 0.2734375
0 0.18984375 0.63671875 0.1765625 0.1890625
0 0.384375 0.690625 0.16875 0.190625
1 0.9171875 0.67265625 0.165625 0.1859375