3 0.49765625 0.37421875 0.1609375 0.1640625
3 0.57109375 0.534375 0.1859375 0.15625
3 0.56328125 0.70390625 0.1453125 0.1203125
3 0.35 0.6046875 0.20625 0.175
3 0.36640625 0.39453125 0.1328125 0.1390625
3 0.65625 0.37578125 0.140625 0.1859375
3 0.60703125 0.2578125 0.1703125 0.146875
1 0.55546875 0.153125 0.1765625 0.140625
1 0.4515625 0.265625 0.171875 0.184375
2 0.684375 0.7796875 0.16875 0.209375
1 0.3296875 0.278125 0.10625 0.171875
1 0.26796875 0.17421875 0.0671875 0.2140625
1 0.26796875 0.34453125 0.0734375 0.1453125
1 0.325 0.12109375 0.1375 0.1859375
1 0.3390625 0.03359375 0.15 0.0671875
1 0.44140625 0.071875 0.1515625 0.14375
1 0.5921875 0.046875 0.19375 0.09375
1 0.70546875 0.146875 0.1734375 0.246875
3 0.73828125 0.40625 0.0859375 0.159375
3 0.7234375 0.5734375 0.10625 0.171875
3 0.63984375 0.6328125 0.1359375 0.10625
3 0.4828125 0.63671875 0.159375 0.1515625
3 0.43984375 0.4953125 0.1265625 0.121875
3 0.30703125 0.47265625 0.1609375 0.1453125
1 0.2796875 0.85234375 0.1375 0.2359375
1 0.4203125 0.94296875 0.278125 0.1140625
1 0.565625 0.89765625 0.175 0.2046875
1 0.690625 0.90703125 0.146875 0.1859375
1 0.52109375 0.778125 0.1828125 0.15625
1 0.3484375 0.75 0.16875 0.190625