1 0.4359375 0.440625 0.209375 0.25625
1 0.71875 0.5453125 0.165625 0.159375
1 0.56328125 0.51640625 0.1609375 0.2109375
1 0.29765625 0.56953125 0.2328125 0.1671875
1 0.64140625 0.37734375 0.1359375 0.2109375
1 0.26953125 0.67890625 0.3171875 0.1515625
1 0.6515625 0.6796875 0.35625 0.146875
2 0.14453125 0.46171875 0.1859375 0.2015625
1 0.10234375 0.59140625 0.1578125 0.1421875
1 0.0796875 0.70703125 0.15 0.1765625
1 0.35390625 0.29765625 0.2515625 0.1484375
3 0.17421875 0.34375 0.2578125 0.15
3 0.7890625 0.3828125 0.16875 0.209375
3 0.91328125 0.4015625 0.1734375 0.14375
3 0.89140625 0.53984375 0.2171875 0.1390625
3 0.87109375 0.66171875 0.1640625 0.2203125
3 0.7171875 0.2671875 0.165625 0.1125