4 0.31171875 0.540625 0.2859375 0.39375
4 0.11015625 0.5015625 0.2171875 0.23125
4 0.0609375 0.32890625 0.121875 0.2171875
4 0.184375 0.303125 0.228125 0.25
4 0.12109375 0.18984375 0.1859375 0.1953125
4 0.296875 0.22109375 0.209375 0.1890625
4 0.40546875 0.15078125 0.2140625 0.1046875
4 0.4375 0.3109375 0.434375 0.39375
4 0.73359375 0.28671875 0.2140625 0.2421875
4 0.865625 0.19609375 0.253125 0.2078125
4 0.84609375 0.40703125 0.3015625 0.2546875
4 0.78125 0.6546875 0.4375 0.259375
4 0.66171875 0.43046875 0.2953125 0.2390625
4 0.853125 0.7796875 0.29375 0.128125
4 0.53359375 0.6734375 0.2828125 0.321875
4 0.3453125 0.7546875 0.425 0.203125
4 0.0890625 0.7046875 0.178125 0.278125