1 0.46015625 0.60625 0.1296875 0.096875
1 0.47578125 0.68203125 0.0796875 0.0734375
1 0.56796875 0.60078125 0.1015625 0.1203125
1 0.5515625 0.43125 0.1125 0.084375
2 0.73046875 0.665625 0.0890625 0.115625
2 0.9515625 0.6515625 0.096875 0.125
3 0.07265625 0.7140625 0.1203125 0.121875
3 0.1484375 0.60859375 0.075 0.0890625
2 0.284375 0.659375 0.09375 0.1125
3 0.11328125 0.44609375 0.0921875 0.0890625
1 0.38671875 0.3953125 0.0890625 0.08125
1 0.58984375 0.34609375 0.0953125 0.1015625
1 0.64375 0.51328125 0.096875 0.0859375
3 0.0375 0.58671875 0.075 0.1015625
3 0.0296875 0.49609375 0.059375 0.0828125
3 0.12265625 0.54375 0.0578125 0.059375
3 0.23046875 0.57421875 0.0765625 0.0671875
3 0.20546875 0.40390625 0.0828125 0.0828125
3 0.115625 0.3609375 0.065625 0.053125
3 0.0828125 0.4109375 0.1 0.065625
3 0.15078125 0.3765625 0.0671875 0.05
3 0.1875 0.3390625 0.0625 0.05
3 0.15859375 0.46875 0.0578125 0.05
3 0.20546875 0.5046875 0.0546875 0.05625
3 0.0890625 0.50859375 0.090625 0.0578125
3 0.0828125 0.61875 0.078125 0.05625
3 0.15078125 0.6828125 0.0671875 0.078125
1 0.425 0.52109375 0.1 0.0921875
1 0.54375 0.51171875 0.084375 0.0859375
1 0.6484375 0.4265625 0.10625 0.103125
1 0.65390625 0.58671875 0.0921875 0.0921875
1 0.41953125 0.33046875 0.0484375 0.0515625
1 0.43046875 0.42109375 0.0703125 0.0765625
1 0.46640625 0.365625 0.0609375 0.05625
1 0.5046875 0.3765625 0.075 0.06875
1 0.5296875 0.3109375 0.071875 0.05625
1 0.49140625 0.30234375 0.0578125 0.0390625
1 0.36171875 0.46171875 0.0890625 0.0671875
1 0.48046875 0.45546875 0.0703125 0.1015625
1 0.36796875 0.6578125 0.0859375 0.09375
1 0.30390625 0.7359375 0.1359375 0.1
1 0.18828125 0.7375 0.0953125 0.096875
1 0.40703125 0.72265625 0.0921875 0.0828125
1 0.4609375 0.75546875 0.109375 0.0640625
1 0.55859375 0.7140625 0.1265625 0.14375
1 0.66640625 0.74921875 0.0953125 0.0765625
1 0.74453125 0.7484375 0.0796875 0.075
1 0.6546875 0.6625 0.078125 0.065625
1 0.85 0.725 0.15625 0.121875
4 0.88671875 0.6640625 0.1140625 0.065625
0 0.80078125 0.634375 0.0953125 0.0625
0 0.7875 0.553125 0.08125 0.1
0 0.86015625 0.5734375 0.0546875 0.046875
0 0.9515625 0.51328125 0.084375 0.0765625
0 0.8671875 0.39765625 0.08125 0.1640625
0 0.93125 0.428125 0.08125 0.0875
0 0.9234375 0.3671875 0.0625 0.06875
0 0.85390625 0.52421875 0.0609375 0.0484375
0 0.8234375 0.49296875 0.0375 0.0484375
0 0.87421875 0.49609375 0.0390625 0.0265625
0 0.89453125 0.515625 0.0328125 0.040625
0 0.90859375 0.58046875 0.0484375 0.0546875
0 0.78671875 0.38203125 0.0546875 0.0453125
0 0.80859375 0.409375 0.0484375 0.040625
0 0.784375 0.340625 0.059375 0.040625
0 0.90859375 0.2984375 0.1546875 0.046875
0 0.86875 0.23984375 0.071875 0.0421875
0 0.9796875 0.41171875 0.040625 0.0734375