0 0.925 0.2828125 0.115625 0.128125
0 0.74296875 0.28828125 0.0921875 0.1109375
0 0.83828125 0.2953125 0.0921875 0.084375
0 0.86796875 0.353125 0.1015625 0.090625
0 0.93984375 0.38515625 0.1140625 0.1171875
0 0.62265625 0.47265625 0.1171875 0.1171875
1 0.47421875 0.2625 0.1015625 0.090625
1 0.5609375 0.265625 0.109375 0.109375
1 0.6203125 0.2390625 0.1 0.075
1 0.69765625 0.26796875 0.0921875 0.0921875
1 0.64140625 0.34140625 0.0984375 0.0859375
1 0.7171875 0.4546875 0.10625 0.10625
1 0.753125 0.60546875 0.109375 0.1296875
1 0.43046875 0.475 0.1640625 0.121875
1 0.36015625 0.640625 0.1359375 0.128125
1 0.52890625 0.53203125 0.0984375 0.1046875
1 0.56796875 0.353125 0.0734375 0.084375
1 0.784375 0.38359375 0.0875 0.0984375
1 0.8625 0.4390625 0.096875 0.109375
1 0.878125 0.553125 0.1 0.0875
1 0.95625 0.54609375 0.0875 0.0859375
1 0.671875 0.54765625 0.09375 0.0953125
1 0.6546875 0.6734375 0.10625 0.109375
1 0.76171875 0.7296875 0.1234375 0.0625
1 0.79296875 0.5359375 0.0984375 0.0875
1 0.6328125 0.40703125 0.109375 0.0703125
1 0.80078125 0.2375 0.0796875 0.071875
3 0.2703125 0.52734375 0.15625 0.1390625
3 0.48203125 0.35546875 0.1234375 0.1265625
3 0.54296875 0.43828125 0.1203125 0.1203125
3 0.353125 0.37734375 0.109375 0.1359375
3 0.4 0.30546875 0.121875 0.1328125
3 0.5453125 0.6921875 0.134375 0.115625
3 0.509375 0.61640625 0.15 0.1390625
3 0.61171875 0.57421875 0.0953125 0.1453125
3 0.36796875 0.7421875 0.1359375 0.11875
3 0.24296875 0.76953125 0.1109375 0.0890625
3 0.13671875 0.7296875 0.0984375 0.153125
3 0.059375 0.7234375 0.0875 0.165625
3 0.0703125 0.584375 0.1375 0.109375
3 0.15078125 0.62265625 0.1765625 0.1328125
3 0.38046875 0.56328125 0.0984375 0.0828125
3 0.18671875 0.4296875 0.1296875 0.125
3 0.25546875 0.37734375 0.1234375 0.1203125
3 0.1859375 0.3125 0.1125 0.128125
3 0.13125 0.509375 0.140625 0.153125
3 0.04296875 0.47421875 0.0859375 0.1453125
3 0.096875 0.3875 0.13125 0.115625
3 0.08359375 0.30625 0.1390625 0.096875
3 0.28046875 0.284375 0.1296875 0.096875
0 0.87734375 0.22109375 0.0921875 0.0859375