1 0.41875 0.721875 0.1625 0.128125
0 0.6046875 0.4328125 0.15 0.13125
1 0.38046875 0.528125 0.1203125 0.13125
1 0.3578125 0.64609375 0.13125 0.1203125
1 0.54140625 0.590625 0.1203125 0.175
1 0.68125 0.23984375 0.115625 0.1546875
1 0.528125 0.2625 0.1375 0.1875
1 0.35 0.30390625 0.146875 0.1578125
1 0.6234375 0.57578125 0.109375 0.1109375
1 0.60546875 0.5015625 0.1109375 0.1
1 0.73828125 0.31796875 0.0953125 0.1109375
0 0.771875 0.1984375 0.078125 0.125
0 0.6875 0.12734375 0.15 0.1171875
1 0.45703125 0.16953125 0.1015625 0.1265625
1 0.4203125 0.09375 0.165625 0.1875
1 0.578125 0.21328125 0.140625 0.1265625
1 0.74453125 0.09609375 0.1046875 0.1046875
0 0.2828125 0.5671875 0.146875 0.190625
0 0.515625 0.8609375 0.13125 0.165625
0 0.6109375 0.840625 0.121875 0.153125
2 0.56875 0.7 0.09375 0.121875
0 0.45625 0.3390625 0.159375 0.16875
0 0.5203125 0.08984375 0.11875 0.1578125
2 0.3515625 0.4125 0.196875 0.203125
0 0.3484375 0.85703125 0.171875 0.1671875
2 0.2765625 0.75 0.165625 0.2
0 0.4546875 0.959375 0.146875 0.08125
0 0.59296875 0.95859375 0.1328125 0.0828125
2 0.69921875 0.8546875 0.1109375 0.16875
2 0.7296875 0.69765625 0.075 0.1078125
0 0.5 0.4640625 0.128125 0.121875
0 0.70625 0.49453125 0.115625 0.1828125
0 0.61171875 0.0671875 0.1046875 0.125
0 0.428125 0.23125 0.125 0.11875
1 0.32890625 0.15078125 0.1515625 0.1734375
0 0.6640625 0.675 0.125 0.1625
0 0.24296875 0.915625 0.1234375 0.1375
0 0.33125 0.9515625 0.13125 0.08125
0 0.5375 0.75859375 0.115625 0.1484375
0 0.62734375 0.3328125 0.1234375 0.10625