1 0.271875 0.5625 0.115625 0.153125
0 0.5765625 0.40234375 0.11875 0.1390625
1 0.4625 0.6171875 0.121875 0.109375
1 0.34296875 0.63046875 0.1109375 0.1234375
1 0.4140625 0.4515625 0.165625 0.10625
1 0.775 0.3421875 0.146875 0.103125
1 0.73984375 0.49375 0.1765625 0.121875
1 0.68359375 0.66796875 0.1453125 0.1359375
1 0.4359375 0.3703125 0.103125 0.1
1 0.50859375 0.39609375 0.0921875 0.1015625
1 0.703125 0.28046875 0.103125 0.0859375
0 0.82578125 0.25625 0.1171875 0.06875
0 0.88828125 0.34609375 0.1046875 0.1421875
1 0.8265625 0.57265625 0.11875 0.0921875
1 0.9046875 0.61640625 0.190625 0.1484375
1 0.7921875 0.44765625 0.115625 0.1328125
1 0.9234375 0.29296875 0.096875 0.0984375
0 0.41484375 0.7109375 0.1796875 0.13125
0 0.1421875 0.453125 0.15625 0.11875
0 0.1703125 0.36171875 0.14375 0.1078125
2 0.3078125 0.4140625 0.115625 0.084375
0 0.65703125 0.55859375 0.1578125 0.1453125
0 0.91171875 0.515625 0.1484375 0.10625
2 0.57578125 0.65703125 0.1890625 0.1796875
0 0.13125 0.62109375 0.153125 0.1578125
2 0.23125 0.7015625 0.1875 0.15
0 0.0359375 0.5046875 0.071875 0.140625
0 0.04375 0.365625 0.0875 0.125
2 0.16484375 0.2703125 0.1609375 0.096875
2 0.32421875 0.25546875 0.1015625 0.0640625
0 0.5359375 0.50390625 0.1125 0.1171875
0 0.5234375 0.2953125 0.175 0.1
0 0.94140625 0.42734375 0.1171875 0.0953125
0 0.7625 0.5953125 0.109375 0.115625
1 0.8328125 0.7015625 0.1625 0.1375
0 0.340625 0.321875 0.153125 0.1125
0 0.06484375 0.7203125 0.1265625 0.1125
0 0.03671875 0.6296875 0.0703125 0.125
0 0.24609375 0.440625 0.1421875 0.103125
0 0.678125 0.3875 0.096875 0.115625