2 0.61484375 0.14609375 0.1609375 0.1515625
2 0.49296875 0.19375 0.1640625 0.196875
2 0.59296875 0.2578125 0.1859375 0.165625
1 0.5265625 0.45390625 0.171875 0.1515625
2 0.6625 0.72890625 0.125 0.1390625
2 0.56484375 0.7390625 0.1234375 0.1375
2 0.63828125 0.80390625 0.1203125 0.1234375
2 0.55390625 0.84921875 0.1265625 0.1421875
3 0.65234375 0.43046875 0.1296875 0.1265625
3 0.6578125 0.51484375 0.08125 0.0984375
3 0.55078125 0.56328125 0.1703125 0.1203125
0 0.9171875 0.49609375 0.165625 0.1671875
0 0.80390625 0.446875 0.1609375 0.134375
3 0.8140625 0.52578125 0.13125 0.1453125
3 0.9328125 0.41796875 0.0875 0.1078125
3 0.76953125 0.18984375 0.1265625 0.2421875
3 0.89453125 0.22890625 0.1359375 0.1578125
3 0.92734375 0.1328125 0.0953125 0.11875
3 0.84375 0.13828125 0.1125 0.0953125