2 0.634375 0.8640625 0.34375 0.271875
2 0.42578125 0.20703125 0.3421875 0.3734375
2 0.34609375 0.8625 0.3296875 0.275
2 0.63671875 0.31484375 0.3390625 0.3015625
2 0.7765625 0.68515625 0.19375 0.3140625
2 0.8359375 0.17734375 0.1625 0.3078125
0 0.703125 0.08984375 0.25625 0.1671875
2 0.2578125 0.15546875 0.234375 0.3109375
2 0.25546875 0.76328125 0.2265625 0.2515625
3 0.60546875 0.4890625 0.3203125 0.303125
3 0.271875 0.43125 0.275 0.25625
3 0.3828125 0.61015625 0.253125 0.2140625
1 0.6078125 0.68046875 0.178125 0.1609375