4 0.9328125 0.72734375 0.10625 0.1734375
4 0.89609375 0.8296875 0.1171875 0.1125
4 0.57578125 0.79140625 0.2171875 0.1234375
4 0.4109375 0.75 0.121875 0.128125
4 0.3609375 0.628125 0.196875 0.2375
4 0.2578125 0.7015625 0.20625 0.203125
4 0.096875 0.5796875 0.19375 0.246875
4 0.25703125 0.51953125 0.2203125 0.1765625
4 0.11484375 0.3765625 0.2296875 0.284375
4 0.40625 0.43828125 0.16875 0.2109375
4 0.5328125 0.4515625 0.1625 0.203125
4 0.69765625 0.4109375 0.2578125 0.209375
4 0.88984375 0.48515625 0.2203125 0.2234375
4 0.846875 0.30859375 0.25625 0.2171875
4 0.471875 0.2625 0.29375 0.221875
4 0.275 0.19921875 0.209375 0.1421875