3 0.37421875 0.4921875 0.1578125 0.15625
3 0.53125 0.57265625 0.15 0.1796875
3 0.70234375 0.57109375 0.1171875 0.1421875
3 0.609375 0.353125 0.16875 0.2
3 0.3984375 0.3625 0.134375 0.128125
3 0.3703125 0.6515625 0.18125 0.134375
3 0.253125 0.59921875 0.140625 0.1640625
1 0.15234375 0.54296875 0.1359375 0.1734375
1 0.26796875 0.44375 0.1765625 0.165625
2 0.7734375 0.69453125 0.203125 0.1609375
1 0.284375 0.32265625 0.16875 0.1015625
1 0.1828125 0.25625 0.2125 0.059375
1 0.3515625 0.26328125 0.14375 0.0703125
1 0.1265625 0.3109375 0.18125 0.13125
1 0.03671875 0.32421875 0.0703125 0.1484375
1 0.07265625 0.42734375 0.1421875 0.1453125
1 0.04453125 0.5765625 0.0859375 0.190625
1 0.1390625 0.6921875 0.240625 0.165625
3 0.39765625 0.73515625 0.1546875 0.0796875
3 0.56640625 0.72578125 0.1671875 0.0984375
3 0.62890625 0.64453125 0.1015625 0.1328125
3 0.6375 0.48828125 0.146875 0.1546875
3 0.49765625 0.4390625 0.1171875 0.121875
3 0.4796875 0.30625 0.140625 0.15625
1 0.859375 0.29296875 0.23125 0.1296875
1 0.946875 0.4359375 0.10625 0.275
1 0.8984375 0.5796875 0.203125 0.16875
1 0.9046875 0.70546875 0.190625 0.1390625
1 0.7765625 0.53046875 0.15 0.1765625
1 0.7546875 0.35703125 0.184375 0.1640625