4 0.21171875 0.50625 0.2046875 0.159375
4 0.28984375 0.27421875 0.1671875 0.1546875
4 0.82734375 0.37421875 0.1796875 0.1671875
4 0.63515625 0.59375 0.1203125 0.134375
4 0.471875 0.7296875 0.178125 0.146875
4 0.69765625 0.76328125 0.1828125 0.0890625
4 0.9296875 0.7171875 0.140625 0.146875
4 0.45625 0.23515625 0.175 0.1515625
4 0.5703125 0.34140625 0.271875 0.2140625
4 0.37265625 0.55703125 0.1578125 0.1703125
4 0.39609375 0.446875 0.1515625 0.1125
4 0.74296875 0.6703125 0.2484375 0.209375
4 0.66015625 0.21953125 0.2140625 0.1078125
4 0.9078125 0.25078125 0.1625 0.1265625