2 0.36171875 0.1546875 0.1515625 0.140625
2 0.48671875 0.19375 0.1515625 0.1875
2 0.39140625 0.26484375 0.1734375 0.1515625
1 0.4703125 0.45625 0.1625 0.140625
2 0.35546875 0.7390625 0.1140625 0.13125
2 0.45234375 0.74296875 0.1140625 0.1296875
2 0.384375 0.8125 0.1125 0.115625
2 0.47109375 0.85234375 0.1171875 0.1359375
3 0.34375 0.44140625 0.121875 0.1171875
3 0.34453125 0.525 0.0765625 0.09375
3 0.4546875 0.565625 0.1625 0.109375
0 0.08125 0.52578125 0.159375 0.1546875
0 0.19375 0.46796875 0.153125 0.1234375
3 0.1890625 0.546875 0.121875 0.1375
3 0.0625 0.4484375 0.08125 0.103125
3 0.21015625 0.209375 0.1109375 0.234375
3 0.08828125 0.25625 0.1265625 0.15
3 0.0484375 0.16328125 0.0875 0.1109375
3 0.1328125 0.1625 0.10625 0.0875