4 0.453125 0.68828125 0.403125 0.2984375
4 0.48515625 0.8890625 0.2390625 0.221875
4 0.65625 0.93984375 0.221875 0.1203125
4 0.68671875 0.82265625 0.2578125 0.2359375
4 0.79765625 0.89140625 0.2015625 0.1921875
4 0.77265625 0.7125 0.1984375 0.215625
4 0.84609375 0.6078125 0.1140625 0.21875
4 0.6875 0.56953125 0.409375 0.4484375
4 0.72265625 0.27578125 0.2484375 0.2234375
4 0.8171875 0.14609375 0.21875 0.2609375
4 0.60625 0.15859375 0.265625 0.3109375
4 0.3546875 0.21796875 0.275 0.4359375
4 0.5765625 0.3421875 0.25 0.303125
4 0.23203125 0.14296875 0.1390625 0.2859375
4 0.328125 0.46171875 0.33125 0.2953125
4 0.23984375 0.646875 0.2171875 0.43125
4 0.28125 0.9046875 0.284375 0.1875