4 0.48828125 0.43046875 0.1640625 0.1140625
4 0.640625 0.62109375 0.153125 0.1359375
4 0.5359375 0.58203125 0.115625 0.1140625
4 0.528125 0.65625 0.121875 0.10625
4 0.25703125 0.52265625 0.0984375 0.1109375
3 0.36328125 0.6109375 0.0953125 0.1
3 0.43046875 0.64921875 0.0921875 0.1046875
3 0.2171875 0.746875 0.11875 0.1
4 0.37109375 0.74609375 0.0859375 0.0765625
3 0.4546875 0.76796875 0.1125 0.0703125
3 0.59375 0.75859375 0.140625 0.0890625
3 0.6875 0.72265625 0.0875 0.1109375
3 0.24140625 0.671875 0.1015625 0.08125
3 0.375 0.4625 0.09375 0.096875
3 0.36640625 0.53984375 0.1015625 0.0828125
3 0.3359375 0.70390625 0.134375 0.1140625
3 0.54765625 0.7078125 0.0953125 0.09375
3 0.25546875 0.6 0.1015625 0.084375
3 0.28046875 0.478125 0.0859375 0.090625
3 0.6828125 0.56640625 0.103125 0.1109375
3 0.4453125 0.58359375 0.090625 0.0609375