2 0.46796875 0.74375 0.2328125 0.21875
2 0.38515625 0.2109375 0.0921875 0.0875
2 0.47578125 0.20625 0.0703125 0.08125
2 0.56171875 0.20625 0.0828125 0.1
2 0.5109375 0.29453125 0.0625 0.0984375
0 0.41640625 0.28984375 0.1109375 0.1109375
2 0.7328125 0.21171875 0.125 0.1203125
2 0.81953125 0.29296875 0.1265625 0.1328125
2 0.93359375 0.24375 0.1296875 0.11875
2 0.928125 0.3625 0.10625 0.134375
2 0.83828125 0.4234375 0.1046875 0.121875
2 0.75546875 0.4015625 0.0453125 0.0625
2 0.66328125 0.384375 0.0640625 0.071875
3 0.83046875 0.59140625 0.2234375 0.1421875
3 0.6984375 0.67578125 0.13125 0.0796875
2 0.70078125 0.45390625 0.0671875 0.0671875
2 0.2046875 0.6140625 0.10625 0.1
2 0.1390625 0.57734375 0.13125 0.1265625
3 0.76171875 0.778125 0.1890625 0.11875
3 0.8625 0.7046875 0.16875 0.1125
3 0.93359375 0.79453125 0.1265625 0.0890625
3 0.9625 0.65 0.075 0.196875
0 0.6609375 0.565625 0.115625 0.13125
3 0.79140625 0.52265625 0.1921875 0.0359375
1 0.1734375 0.2328125 0.26875 0.16875
2 0.4734375 0.49609375 0.228125 0.2578125
2 0.70390625 0.32109375 0.0796875 0.0734375
0 0.465625 0.259375 0.284375 0.209375
0 0.16328125 0.41328125 0.3015625 0.1578125
2 0.16171875 0.76875 0.2828125 0.165625