3 0.54140625 0.37890625 0.2234375 0.2140625
3 0.6671875 0.61953125 0.2 0.1890625
3 0.33203125 0.47578125 0.3140625 0.3359375
3 0.9015625 0.6625 0.196875 0.2375
3 0.465625 0.71640625 0.26875 0.3171875
3 0.04296875 0.64609375 0.0828125 0.2390625
3 0.79765625 0.3046875 0.2578125 0.259375
0 0.6109375 0.221875 0.265625 0.19375
0 0.33515625 0.21953125 0.2890625 0.1859375
0 0.10546875 0.19140625 0.2078125 0.1296875
3 0.88359375 0.4921875 0.2328125 0.165625
3 0.86015625 0.384375 0.2265625 0.159375
2 0.68515625 0.503125 0.2109375 0.14375
2 0.78359375 0.740625 0.1953125 0.24375
2 0.62578125 0.78046875 0.2328125 0.1859375
3 0.19375 0.71953125 0.271875 0.1953125
3 0.3578125 0.7890625 0.2125 0.153125
3 0.2203125 0.82734375 0.190625 0.0953125
3 0.06640625 0.80859375 0.1296875 0.1296875
0 0.1375 0.584375 0.16875 0.159375
0 0.10859375 0.3765625 0.2140625 0.21875