2 0.4109375 0.34296875 0.265625 0.2546875
2 0.16015625 0.10234375 0.1984375 0.1734375
2 0.06953125 0.25 0.1359375 0.2375
2 0.1953125 0.2375 0.1625 0.196875
2 0.3359375 0.18515625 0.2 0.1828125
2 0.54140625 0.19453125 0.1953125 0.2421875
2 0.74609375 0.25078125 0.2984375 0.2390625
2 0.18203125 0.44765625 0.2609375 0.2828125
2 0.09140625 0.659375 0.1796875 0.23125
2 0.2421875 0.5984375 0.228125 0.203125
2 0.44921875 0.6203125 0.2359375 0.284375
2 0.59453125 0.58046875 0.1796875 0.2078125
2 0.0671875 0.88125 0.134375 0.2375
2 0.1859375 0.77734375 0.2125 0.1796875
2 0.2109375 0.925 0.228125 0.15
2 0.3734375 0.81796875 0.203125 0.2046875
2 0.490625 0.92421875 0.234375 0.1515625
2 0.56171875 0.78046875 0.2140625 0.2046875
2 0.71171875 0.878125 0.2796875 0.234375
2 0.58046875 0.39921875 0.1828125 0.2328125
2 0.775 0.4359375 0.290625 0.209375
2 0.93125 0.2921875 0.1375 0.30625
2 0.93125 0.5359375 0.1375 0.234375
2 0.7796875 0.584375 0.275 0.209375
2 0.87578125 0.75703125 0.2484375 0.2921875