2 0.7375 0.28828125 0.196875 0.1515625
2 0.3453125 0.55234375 0.209375 0.1953125
2 0.33515625 0.29765625 0.2078125 0.1453125
2 0.69609375 0.45234375 0.2015625 0.1515625
2 0.4265625 0.4796875 0.11875 0.096875
2 0.5390625 0.478125 0.178125 0.121875
2 0.49296875 0.56640625 0.1296875 0.1234375
2 0.284375 0.39765625 0.14375 0.1640625
2 0.51171875 0.690625 0.1546875 0.140625
2 0.64375 0.571875 0.16875 0.128125
2 0.5015625 0.56953125 0.13125 0.1203125
2 0.54765625 0.37109375 0.1859375 0.1578125
2 0.7953125 0.5390625 0.178125 0.1375
2 0.6390625 0.675 0.1625 0.14375
2 0.20390625 0.59296875 0.1671875 0.2234375
2 0.20078125 0.45078125 0.0984375 0.1578125
1 0.39609375 0.6703125 0.1671875 0.196875
3 0.77890625 0.66875 0.1734375 0.15