2 0.3453125 0.5234375 0.34375 0.45
2 0.521875 0.7875 0.309375 0.35
2 0.6234375 0.71640625 0.21875 0.2015625
2 0.53984375 0.5 0.2578125 0.35625
2 0.15859375 0.75 0.3171875 0.371875
2 0.13828125 0.34765625 0.2765625 0.6578125
2 0.3453125 0.82734375 0.278125 0.2421875
2 0.41796875 0.21640625 0.3859375 0.3640625
2 0.60625 0.30546875 0.2625 0.2578125
2 0.68671875 0.4921875 0.2078125 0.25625
2 0.721875 0.30859375 0.23125 0.2078125
2 0.76015625 0.890625 0.2921875 0.175
2 0.853125 0.70390625 0.284375 0.2828125
2 0.903125 0.328125 0.19375 0.45625
2 0.66328125 0.11953125 0.1734375 0.1234375
2 0.75390625 0.17890625 0.2328125 0.2328125
2 0.7875 0.4796875 0.1875 0.23125