1 0.4703125 0.60859375 0.253125 0.2953125
1 0.16171875 0.40390625 0.2796875 0.2421875
1 0.76796875 0.621875 0.2640625 0.21875
1 0.50859375 0.4828125 0.2421875 0.2
1 0.3 0.4984375 0.271875 0.2125
1 0.853125 0.44296875 0.228125 0.1921875
1 0.6703125 0.34375 0.23125 0.23125
1 0.36640625 0.2671875 0.2328125 0.2
1 0.0671875 0.2671875 0.134375 0.2
1 0.8875 0.2328125 0.19375 0.13125
1 0.52421875 0.29453125 0.1703125 0.2203125
1 0.78828125 0.76875 0.3078125 0.128125
1 0.6828125 0.5859375 0.2125 0.215625
1 0.3125 0.684375 0.221875 0.146875
1 0.1515625 0.6125 0.196875 0.190625
1 0.06875 0.67578125 0.13125 0.1578125
1 0.05390625 0.521875 0.0921875 0.159375
1 0.9390625 0.628125 0.121875 0.20625