3 0.6890625 0.34765625 0.178125 0.1640625
3 0.6375 0.1625 0.184375 0.190625
3 0.44140625 0.9421875 0.1953125 0.10625
3 0.4375 0.13515625 0.190625 0.1859375
3 0.22890625 0.07890625 0.1546875 0.1546875
3 0.09296875 0.1625 0.1390625 0.134375
3 0.20390625 0.19453125 0.1421875 0.1546875
3 0.3171875 0.32734375 0.175 0.1515625
3 0.48359375 0.30234375 0.1734375 0.1734375
3 0.79140625 0.24140625 0.2078125 0.2359375
3 0.9171875 0.17421875 0.165625 0.2796875
3 0.540625 0.10078125 0.14375 0.1859375
3 0.15390625 0.32890625 0.1265625 0.1640625
3 0.0375 0.30859375 0.075 0.2015625
3 0.2375 0.4578125 0.1875 0.196875
3 0.415625 0.4453125 0.184375 0.1375
3 0.5765625 0.4234375 0.159375 0.1625
3 0.896875 0.39765625 0.20625 0.1453125
3 0.85859375 0.52734375 0.2421875 0.1640625
3 0.78125 0.73828125 0.246875 0.3078125
3 0.50078125 0.5859375 0.1671875 0.215625
3 0.6640625 0.5578125 0.1875 0.190625
3 0.33046875 0.5921875 0.2046875 0.18125
3 0.1375 0.62578125 0.2 0.1796875
3 0.075 0.45703125 0.1375 0.1921875
3 0.1125 0.7453125 0.13125 0.165625
3 0.265625 0.765625 0.178125 0.1625
3 0.40625 0.7015625 0.0875 0.1
3 0.4625 0.75234375 0.184375 0.1734375
3 0.60390625 0.74765625 0.2078125 0.1890625
3 0.7390625 0.90703125 0.128125 0.1046875
3 0.92890625 0.921875 0.1421875 0.15625
3 0.5921875 0.88671875 0.1875 0.1390625
3 0.38515625 0.8421875 0.1984375 0.153125
3 0.059375 0.915625 0.11875 0.16875
3 0.225 0.91875 0.215625 0.1625