3 0.49296875 0.72890625 0.2984375 0.2859375
3 0.63046875 0.43984375 0.3109375 0.2828125
3 0.23671875 0.3140625 0.4015625 0.31875
3 0.6234375 0.13203125 0.275 0.1921875
3 0.784375 0.73828125 0.253125 0.3390625
3 0.24921875 0.68984375 0.2546875 0.2546875
2 0.2109375 0.09453125 0.3 0.1828125
2 0.40078125 0.88203125 0.2828125 0.2359375
2 0.178125 0.896875 0.196875 0.20625
2 0.084375 0.76328125 0.1625 0.2328125
3 0.66953125 0.90625 0.2796875 0.184375
3 0.9265625 0.6859375 0.146875 0.284375
3 0.9203125 0.378125 0.159375 0.325
3 0.7390625 0.25546875 0.25 0.1609375
3 0.8359375 0.5046875 0.14375 0.203125
3 0.4640625 0.25234375 0.26875 0.2484375
3 0.39140625 0.484375 0.2140625 0.228125
3 0.1375 0.52578125 0.275 0.2828125
1 0.8390625 0.10078125 0.28125 0.2015625