0 0.89375 0.8890625 0.196875 0.215625
1 0.625 0.61484375 0.190625 0.2109375
1 0.79375 0.7296875 0.221875 0.390625
1 0.16171875 0.396875 0.2015625 0.19375
1 0.621875 0.8359375 0.18125 0.25625
1 0.284375 0.10078125 0.190625 0.1984375
0 0.14609375 0.19921875 0.2078125 0.2484375
0 0.3578125 0.28203125 0.184375 0.2859375
0 0.66171875 0.159375 0.1703125 0.175
0 0.86484375 0.109375 0.2703125 0.184375
0 0.81640625 0.31875 0.1734375 0.203125
0 0.14296875 0.80078125 0.2828125 0.2484375
0 0.178125 0.61015625 0.1625 0.1765625
0 0.36796875 0.68046875 0.1515625 0.1796875
1 0.9125 0.709375 0.175 0.171875