2 0.04375 0.29296875 0.084375 0.1453125
2 0.12890625 0.2921875 0.0734375 0.125
2 0.21484375 0.29375 0.0796875 0.125
2 0.30390625 0.29140625 0.0859375 0.1234375
2 0.39765625 0.2890625 0.0890625 0.125
2 0.4953125 0.28671875 0.090625 0.1234375
2 0.58046875 0.290625 0.0796875 0.11875
2 0.67421875 0.28828125 0.0859375 0.1234375
2 0.76953125 0.29375 0.0890625 0.128125
2 0.86171875 0.29453125 0.0890625 0.1203125
2 0.9515625 0.28984375 0.075 0.1203125
2 0.95625 0.43828125 0.084375 0.1234375
2 0.8703125 0.44140625 0.08125 0.1265625
2 0.7984375 0.440625 0.071875 0.125
2 0.70703125 0.44453125 0.0796875 0.1234375
2 0.62421875 0.440625 0.0859375 0.11875
2 0.5171875 0.43984375 0.08125 0.1234375
2 0.4328125 0.4421875 0.084375 0.125
2 0.334375 0.4390625 0.06875 0.128125
2 0.25078125 0.440625 0.0828125 0.128125
2 0.04609375 0.4375 0.0859375 0.11875
2 0.13828125 0.440625 0.0921875 0.115625
0 0.04765625 0.590625 0.0796875 0.125
0 0.1265625 0.59375 0.071875 0.125
2 0.2078125 0.5921875 0.071875 0.125
2 0.296875 0.58671875 0.084375 0.1234375
2 0.384375 0.59453125 0.078125 0.1234375
2 0.4703125 0.59140625 0.078125 0.1203125
2 0.5546875 0.5890625 0.078125 0.125
2 0.640625 0.5921875 0.078125 0.121875
2 0.72890625 0.5890625 0.0828125 0.13125
2 0.81015625 0.590625 0.0734375 0.11875
2 0.8890625 0.59453125 0.075 0.1265625
2 0.96171875 0.59453125 0.0609375 0.1203125