4 0.34609375 0.33046875 0.2640625 0.1515625
4 0.14765625 0.4078125 0.2078125 0.128125
4 0.12421875 0.5421875 0.2078125 0.159375
4 0.12578125 0.678125 0.2328125 0.11875
4 0.3359375 0.64453125 0.209375 0.2640625
4 0.571875 0.64765625 0.259375 0.2390625
4 0.453125 0.41875 0.16875 0.2125
4 0.546875 0.25703125 0.1875 0.2203125
4 0.3859375 0.2140625 0.234375 0.1625
4 0.18984375 0.2046875 0.2296875 0.14375
4 0.0734375 0.32109375 0.13125 0.2328125
4 0.68203125 0.2328125 0.1984375 0.190625
4 0.89765625 0.23359375 0.2046875 0.1734375
4 0.75703125 0.465625 0.1984375 0.2125
4 0.5671875 0.63984375 0.24375 0.2828125
4 0.7828125 0.7203125 0.14375 0.16875
4 0.89140625 0.60703125 0.2171875 0.1359375
4 0.91015625 0.45546875 0.1796875 0.2203125
4 0.13828125 0.76875 0.2046875 0.084375