0 0.47578125 0.3703125 0.2234375 0.296875
0 0.74140625 0.8296875 0.1609375 0.1375
0 0.62265625 0.62421875 0.1046875 0.1265625
0 0.28515625 0.615625 0.1328125 0.128125
0 0.1734375 0.6703125 0.109375 0.121875
0 0.38046875 0.6625 0.1359375 0.11875
0 0.5078125 0.625 0.15625 0.10625
0 0.72421875 0.69765625 0.1515625 0.1609375
0 0.6265625 0.77578125 0.11875 0.1046875
0 0.590625 0.70546875 0.1 0.1140625
0 0.475 0.71015625 0.153125 0.1421875
0 0.5078125 0.79921875 0.146875 0.1453125
0 0.378125 0.78125 0.16875 0.13125
0 0.27890625 0.71875 0.1484375 0.1625