1 0.6546875 0.2875 0.175 0.2625
1 0.271875 0.81796875 0.159375 0.2234375
1 0.4984375 0.57109375 0.21875 0.2046875
1 0.47109375 0.1421875 0.2015625 0.184375
1 0.45078125 0.67734375 0.1359375 0.1765625
1 0.5109375 0.2953125 0.19375 0.146875
1 0.7109375 0.5 0.146875 0.153125
1 0.62734375 0.55390625 0.1203125 0.1671875
1 0.62265625 0.696875 0.1171875 0.153125
1 0.53515625 0.77109375 0.1671875 0.1796875
1 0.36328125 0.5953125 0.1046875 0.1375
1 0.36484375 0.3765625 0.1015625 0.128125
1 0.36953125 0.25390625 0.1359375 0.1578125
1 0.41484375 0.46796875 0.1171875 0.1390625
1 0.32578125 0.50703125 0.1265625 0.1765625
1 0.4984375 0.4234375 0.15625 0.15625