0 0.909375 0.5953125 0.103125 0.08125
0 0.29453125 0.51484375 0.1421875 0.1203125
0 0.13125 0.49140625 0.15 0.1390625
0 0.4359375 0.69375 0.15 0.115625
0 0.625 0.565625 0.128125 0.109375
0 0.5953125 0.7140625 0.11875 0.128125
0 0.10546875 0.6359375 0.1796875 0.13125
0 0.459375 0.54609375 0.13125 0.1234375
0 0.27578125 0.65234375 0.1421875 0.1234375
0 0.73984375 0.734375 0.1296875 0.121875
0 0.903125 0.75234375 0.10625 0.1078125
3 0.946875 0.37109375 0.10625 0.1046875
3 0.79453125 0.34765625 0.1171875 0.1171875
3 0.65234375 0.33515625 0.1265625 0.1234375
3 0.49453125 0.3078125 0.1296875 0.125
3 0.33671875 0.284375 0.1296875 0.11875
3 0.17890625 0.26796875 0.1640625 0.1546875