4 0.61328125 0.671875 0.2390625 0.153125
4 0.8640625 0.54453125 0.165625 0.2015625
4 0.8703125 0.7203125 0.259375 0.19375
4 0.57578125 0.77265625 0.2109375 0.1140625
4 0.43828125 0.71171875 0.1921875 0.1546875
4 0.315625 0.64765625 0.16875 0.2046875
4 0.23671875 0.79921875 0.1640625 0.0953125
4 0.08828125 0.71171875 0.1640625 0.1734375
4 0.071875 0.5453125 0.14375 0.215625
4 0.2171875 0.49609375 0.23125 0.2046875
4 0.36953125 0.46171875 0.2015625 0.1921875
4 0.54921875 0.5 0.1859375 0.2125
4 0.684375 0.55625 0.13125 0.11875
4 0.73828125 0.43671875 0.1734375 0.2171875
4 0.8828125 0.36015625 0.1625 0.1859375
4 0.92421875 0.2203125 0.1234375 0.134375
4 0.7265625 0.25390625 0.2125 0.2078125
4 0.5046875 0.23046875 0.215625 0.1390625
4 0.56484375 0.33984375 0.2359375 0.1734375
4 0.11953125 0.2484375 0.2390625 0.134375
4 0.32109375 0.33203125 0.2890625 0.1609375
4 0.06953125 0.37265625 0.1390625 0.1203125
4 0.14375 0.36171875 0.109375 0.1328125