0 0.94609375 0.32890625 0.1046875 0.1171875
0 0.7640625 0.3140625 0.08125 0.103125
0 0.8578125 0.33203125 0.084375 0.0765625
0 0.88203125 0.3921875 0.0953125 0.08125
0 0.9484375 0.43125 0.103125 0.10625
0 0.625 0.4859375 0.10625 0.10625
1 0.4984375 0.2609375 0.09375 0.08125
1 0.584375 0.2734375 0.1 0.1
1 0.64765625 0.253125 0.0953125 0.065625
1 0.72109375 0.28984375 0.0859375 0.0828125
1 0.65625 0.35703125 0.090625 0.0765625
1 0.72109375 0.47734375 0.0953125 0.0953125
1 0.740625 0.63203125 0.096875 0.1203125
1 0.4328125 0.4671875 0.153125 0.10625
1 0.3453125 0.625 0.125 0.115625
1 0.52578125 0.53515625 0.0890625 0.0953125
1 0.5828125 0.3609375 0.065625 0.078125
1 0.79609375 0.41484375 0.0796875 0.0890625
1 0.8671875 0.4765625 0.0875 0.1
1 0.87109375 0.5921875 0.0921875 0.078125
1 0.95 0.59375 0.08125 0.078125
1 0.665625 0.56640625 0.084375 0.0890625
1 0.63671875 0.6890625 0.0984375 0.1
1 0.7359375 0.7546875 0.11875 0.05
1 0.7875 0.565625 0.090625 0.078125
1 0.6421875 0.4203125 0.103125 0.059375
1 0.82734375 0.27109375 0.0734375 0.0640625
3 0.26875 0.50390625 0.14375 0.1265625
3 0.49765625 0.3546875 0.1109375 0.115625
3 0.54921875 0.44296875 0.1109375 0.1109375
3 0.365625 0.36328125 0.096875 0.1265625
3 0.42109375 0.29609375 0.1078125 0.1234375
3 0.52578125 0.69609375 0.1265625 0.1015625
3 0.49765625 0.61640625 0.1359375 0.1234375
3 0.60390625 0.58515625 0.0796875 0.1359375
3 0.34375 0.7265625 0.125 0.10625
3 0.215625 0.740625 0.103125 0.078125
3 0.1140625 0.69140625 0.084375 0.1453125
3 0.0375 0.675 0.071875 0.159375
3 0.0640625 0.5390625 0.128125 0.096875
3 0.1390625 0.584375 0.165625 0.115625
3 0.3734375 0.55078125 0.090625 0.0734375
3 0.1953125 0.39765625 0.11875 0.1109375
3 0.26875 0.35234375 0.1125 0.1109375
3 0.20703125 0.2796875 0.0984375 0.11875
3 0.13203125 0.4703125 0.1265625 0.140625
3 0.04296875 0.4265625 0.0828125 0.1375
3 0.11171875 0.34609375 0.1234375 0.1046875
3 0.10625 0.26484375 0.13125 0.0859375
3 0.303125 0.2625 0.121875 0.084375
0 0.90546875 0.26171875 0.0859375 0.0796875