1 0.37890625 0.67734375 0.2203125 0.1828125
1 0.80703125 0.29296875 0.3703125 0.2734375
1 0.84296875 0.65 0.3140625 0.334375
1 0.35234375 0.2578125 0.2359375 0.171875
1 0.43984375 0.51015625 0.1203125 0.1796875
1 0.42109375 0.38359375 0.1203125 0.1640625
1 0.3015625 0.4171875 0.209375 0.203125
1 0.2921875 0.5828125 0.20625 0.190625
1 0.26796875 0.7640625 0.2296875 0.184375
1 0.1609375 0.34453125 0.209375 0.2234375
1 0.1453125 0.52578125 0.175 0.2546875
1 0.12265625 0.69609375 0.2234375 0.1890625
1 0.1140625 0.81875 0.13125 0.090625
1 0.109375 0.246875 0.2 0.11875
1 0.0703125 0.5203125 0.140625 0.171875
1 0.04453125 0.41171875 0.0890625 0.1890625