0 0.075 0.2828125 0.115625 0.128125
0 0.25703125 0.28828125 0.0921875 0.1109375
0 0.16171875 0.2953125 0.0921875 0.084375
0 0.1328125 0.353125 0.103125 0.090625
0 0.06171875 0.38515625 0.1140625 0.1171875
0 0.37734375 0.47265625 0.1171875 0.1171875
1 0.52734375 0.2625 0.1015625 0.090625
1 0.440625 0.265625 0.109375 0.109375
1 0.38046875 0.2390625 0.1015625 0.075
1 0.30390625 0.26796875 0.0921875 0.0921875
1 0.36015625 0.34140625 0.0984375 0.0859375
1 0.284375 0.4546875 0.10625 0.10625
1 0.246875 0.60625 0.109375 0.128125
1 0.57109375 0.475 0.1640625 0.121875
1 0.64140625 0.640625 0.1359375 0.128125
1 0.47265625 0.53203125 0.0984375 0.1046875
1 0.43203125 0.353125 0.0734375 0.084375
1 0.215625 0.38359375 0.0875 0.0984375
1 0.1375 0.4390625 0.096875 0.109375
1 0.12265625 0.553125 0.0984375 0.0875
1 0.04375 0.54609375 0.0875 0.0859375
1 0.328125 0.5484375 0.09375 0.096875
1 0.3453125 0.6734375 0.10625 0.109375
1 0.23984375 0.7296875 0.1234375 0.0625
1 0.20703125 0.5359375 0.0984375 0.0875
1 0.3671875 0.40703125 0.109375 0.0703125
1 0.2 0.23828125 0.078125 0.0734375
3 0.7296875 0.528125 0.15625 0.140625
3 0.51875 0.35546875 0.121875 0.1265625
3 0.45859375 0.43828125 0.1203125 0.1203125
3 0.6484375 0.378125 0.109375 0.134375
3 0.6015625 0.30546875 0.121875 0.1328125
3 0.4546875 0.6921875 0.134375 0.115625
3 0.4921875 0.61640625 0.15 0.1390625
3 0.38828125 0.57421875 0.0953125 0.1453125
3 0.63203125 0.7421875 0.1359375 0.11875
3 0.75859375 0.76953125 0.1109375 0.0890625
3 0.86484375 0.73046875 0.0984375 0.1515625
3 0.9421875 0.7234375 0.0875 0.165625
3 0.9296875 0.584375 0.1375 0.109375
3 0.85078125 0.62265625 0.1765625 0.1328125
3 0.62109375 0.56328125 0.0984375 0.0828125
3 0.81484375 0.4296875 0.1296875 0.125
3 0.74609375 0.37734375 0.1234375 0.1203125
3 0.815625 0.3125 0.1125 0.128125
3 0.8703125 0.509375 0.140625 0.153125
3 0.95703125 0.47421875 0.0859375 0.1453125
3 0.903125 0.3875 0.13125 0.115625
3 0.91640625 0.30625 0.1390625 0.096875
3 0.72109375 0.284375 0.1296875 0.096875
0 0.12265625 0.22109375 0.0921875 0.0859375