1 0.56328125 0.4375 0.2015625 0.25
1 0.28359375 0.553125 0.1609375 0.153125
1 0.4375 0.51953125 0.153125 0.2078125
1 0.7046875 0.5625 0.228125 0.159375
1 0.35546875 0.38203125 0.1296875 0.2046875
1 0.73828125 0.67109375 0.3109375 0.1421875
1 0.35546875 0.684375 0.3515625 0.134375
2 0.85546875 0.44921875 0.1796875 0.1953125
1 0.9015625 0.5765625 0.153125 0.1375
1 0.928125 0.69296875 0.14375 0.1734375
1 0.63984375 0.29296875 0.2453125 0.1421875
3 0.8203125 0.33359375 0.253125 0.1421875
3 0.2078125 0.39296875 0.1625 0.2015625
3 0.08515625 0.41640625 0.1671875 0.1390625
3 0.109375 0.553125 0.2125 0.13125
3 0.134375 0.67421875 0.15625 0.2140625
3 0.27578125 0.27578125 0.1640625 0.1078125