4 0.47109375 0.4125 0.2546875 0.15
4 0.31328125 0.28984375 0.2328125 0.1390625
4 0.48671875 0.2859375 0.1765625 0.1625
4 0.24296875 0.38046875 0.1890625 0.1140625
4 0.13125 0.34140625 0.140625 0.1796875
4 0.65703125 0.278125 0.1859375 0.20625
4 0.815625 0.25078125 0.221875 0.1578125
4 0.87421875 0.3515625 0.1984375 0.125
4 0.7328125 0.4234375 0.153125 0.178125
4 0.91328125 0.446875 0.1734375 0.165625
4 0.8453125 0.5734375 0.21875 0.15625
4 0.69609375 0.54921875 0.1234375 0.1171875
4 0.57265625 0.57421875 0.1359375 0.0765625
4 0.59609375 0.515625 0.1234375 0.125
4 0.48984375 0.525 0.1640625 0.096875
4 0.209375 0.4375 0.14375 0.096875
4 0.15859375 0.50078125 0.1515625 0.1171875
4 0.1328125 0.5671875 0.14375 0.128125
4 0.05078125 0.51953125 0.0921875 0.1359375
4 0.23671875 0.61015625 0.1265625 0.1109375
4 0.33671875 0.56328125 0.1328125 0.0953125
4 0.11171875 0.6375 0.1609375 0.090625
4 0.18984375 0.7046875 0.1640625 0.115625
4 0.040625 0.73828125 0.08125 0.1359375
4 0.3484375 0.73984375 0.125 0.1734375
4 0.41953125 0.65 0.1703125 0.115625
4 0.54921875 0.63671875 0.1328125 0.1203125
4 0.559375 0.76015625 0.1125 0.1453125
4 0.4546875 0.75546875 0.11875 0.1328125
4 0.6328125 0.69375 0.15 0.121875
4 0.73515625 0.65234375 0.1015625 0.1046875
4 0.64609375 0.62265625 0.1046875 0.0796875
4 0.87734375 0.70546875 0.1265625 0.1484375
4 0.77734375 0.7171875 0.1421875 0.115625