4 0.490625 0.21328125 0.2875 0.2921875
4 0.334375 0.35 0.246875 0.246875
4 0.34296875 0.63515625 0.2234375 0.2828125
4 0.27890625 0.48125 0.1921875 0.21875
4 0.25390625 0.1203125 0.2140625 0.203125
4 0.4921875 0.54765625 0.25 0.2234375
4 0.525 0.38046875 0.225 0.2390625
4 0.59609375 0.73203125 0.2515625 0.1921875
4 0.4875 0.875 0.234375 0.203125
4 0.7609375 0.71640625 0.234375 0.2484375
4 0.76171875 0.48359375 0.1734375 0.2390625
4 0.6578125 0.32109375 0.209375 0.3203125
4 0.66328125 0.55078125 0.1984375 0.2703125
4 0.7046875 0.12734375 0.184375 0.2546875
4 0.59140625 0.07734375 0.1796875 0.1546875
4 0.31171875 0.87109375 0.2203125 0.2578125