2 0.5953125 0.6546875 0.275 0.2625
2 0.85546875 0.88671875 0.2046875 0.1796875
2 0.93359375 0.73515625 0.1328125 0.2421875
2 0.8140625 0.7515625 0.16875 0.203125
2 0.675 0.809375 0.20625 0.1875
2 0.4703125 0.8078125 0.203125 0.25
2 0.2640625 0.75859375 0.30625 0.2484375
2 0.8203125 0.54296875 0.271875 0.2921875
2 0.90390625 0.3265625 0.1890625 0.2375
2 0.7546875 0.39296875 0.234375 0.2109375
2 0.5484375 0.37890625 0.24375 0.2921875
2 0.40390625 0.4234375 0.1890625 0.215625
2 0.91953125 0.1125 0.1421875 0.225
2 0.8046875 0.2125 0.21875 0.1875
2 0.77421875 0.071875 0.2328125 0.14375
2 0.615625 0.1796875 0.209375 0.209375
2 0.49453125 0.078125 0.2390625 0.15625
2 0.4296875 0.22265625 0.221875 0.2109375
2 0.2765625 0.1296875 0.2875 0.24375
2 0.425 0.60390625 0.190625 0.2390625
2 0.22734375 0.5734375 0.2984375 0.21875
2 0.07734375 0.72265625 0.1484375 0.3109375
2 0.0703125 0.47890625 0.140625 0.2390625
2 0.21796875 0.4265625 0.2828125 0.21875
2 0.12265625 0.25625 0.2453125 0.3