2 0.5640625 0.73125 0.3125 0.20625
2 0.79609375 0.72109375 0.1890625 0.2015625
2 0.8484375 0.5171875 0.296875 0.328125
2 0.54921875 0.54609375 0.3484375 0.2828125
2 0.82109375 0.234375 0.2453125 0.18125
2 0.94609375 0.32578125 0.1015625 0.2203125
2 0.58984375 0.31171875 0.2765625 0.1640625
2 0.39140625 0.24296875 0.2671875 0.1515625
2 0.31171875 0.35 0.2578125 0.2875
2 0.09609375 0.24453125 0.1921875 0.1203125
2 0.1 0.33984375 0.2 0.1421875
2 0.1421875 0.5125 0.16875 0.178125
2 0.128125 0.43203125 0.25625 0.1578125
2 0.3125 0.57578125 0.209375 0.1984375
2 0.3578125 0.74296875 0.1625 0.2015625
2 0.24921875 0.740625 0.1453125 0.215625
2 0.1140625 0.63984375 0.2125 0.2296875
2 0.1 0.7921875 0.175 0.134375
2 0.5859375 0.2015625 0.15625 0.084375