1 0.596875 0.28046875 0.1625 0.1828125
1 0.553125 0.43515625 0.134375 0.1453125
1 0.7640625 0.490625 0.18125 0.165625
1 0.6171875 0.53125 0.140625 0.128125
1 0.665625 0.40625 0.1375 0.146875
1 0.71171875 0.30390625 0.1609375 0.1765625
1 0.5890625 0.18203125 0.146875 0.1109375
1 0.54921875 0.57265625 0.1359375 0.1609375
0 0.140625 0.36640625 0.21875 0.1671875
0 0.35859375 0.41875 0.2515625 0.18125
3 0.08984375 0.49765625 0.1578125 0.1359375
3 0.2234375 0.53203125 0.196875 0.1765625
3 0.11640625 0.6296875 0.1671875 0.184375
0 0.38046875 0.25546875 0.2140625 0.1734375
0 0.19296875 0.1984375 0.1984375 0.140625
3 0.26171875 0.69453125 0.1796875 0.2171875
3 0.4515625 0.796875 0.171875 0.153125
3 0.63359375 0.6875 0.1453125 0.196875
3 0.43359375 0.546875 0.2046875 0.11875
3 0.45 0.6734375 0.2 0.140625