0 0.753125 0.59609375 0.221875 0.1921875
0 0.58671875 0.6671875 0.1921875 0.221875
0 0.45234375 0.63671875 0.1109375 0.1609375
0 0.3453125 0.615625 0.128125 0.1875
0 0.21875 0.63046875 0.165625 0.1890625
0 0.72265625 0.4203125 0.2015625 0.215625
0 0.57734375 0.45 0.1890625 0.21875
0 0.4296875 0.45859375 0.165625 0.2359375
0 0.2796875 0.46171875 0.228125 0.1921875
0 0.22109375 0.29921875 0.1578125 0.2203125
0 0.34921875 0.2859375 0.1328125 0.203125
0 0.496875 0.26328125 0.159375 0.2609375
0 0.6453125 0.26171875 0.178125 0.2453125