2 0.059375 0.7390625 0.09375 0.153125
2 0.14375 0.73359375 0.08125 0.1296875
2 0.2296875 0.72578125 0.0875 0.1296875
2 0.31875 0.72265625 0.09375 0.1296875
2 0.41171875 0.71875 0.0953125 0.13125
2 0.51015625 0.71484375 0.0984375 0.1296875
2 0.59453125 0.70390625 0.0859375 0.1234375
2 0.68828125 0.7 0.0921875 0.13125
2 0.7828125 0.6875 0.096875 0.134375
2 0.87421875 0.68046875 0.0984375 0.1265625
2 0.96171875 0.67890625 0.0765625 0.1265625
2 0.95625 0.5296875 0.0875 0.13125
2 0.8734375 0.534375 0.090625 0.13125
2 0.80234375 0.53828125 0.0796875 0.1296875
2 0.71015625 0.54140625 0.0890625 0.1296875
2 0.62734375 0.5515625 0.0921875 0.125
2 0.52109375 0.559375 0.0890625 0.128125
2 0.43671875 0.5625 0.0921875 0.13125
2 0.3390625 0.57265625 0.078125 0.1328125
2 0.25546875 0.57734375 0.0921875 0.1328125
2 0.0515625 0.59375 0.09375 0.125
2 0.14296875 0.584375 0.1015625 0.121875
0 0.0421875 0.44140625 0.084375 0.1296875
0 0.12109375 0.43359375 0.0796875 0.1296875
2 0.20234375 0.42890625 0.0796875 0.1296875
2 0.29140625 0.428125 0.0921875 0.128125
2 0.37890625 0.41484375 0.0859375 0.1296875
2 0.46484375 0.4125 0.0859375 0.125
2 0.54921875 0.40703125 0.0859375 0.1296875
2 0.63359375 0.39921875 0.0859375 0.1265625
2 0.721875 0.39609375 0.090625 0.1359375
2 0.80234375 0.38828125 0.0828125 0.1234375
2 0.88125 0.3796875 0.084375 0.13125
2 0.95390625 0.375 0.0671875 0.121875