0 0.6640625 0.87890625 0.35625 0.2390625
0 0.084375 0.6984375 0.16875 0.16875
0 0.41484375 0.63046875 0.1828125 0.2265625
0 0.56640625 0.53671875 0.2703125 0.2734375
0 0.85 0.4390625 0.159375 0.178125
0 0.3078125 0.21875 0.18125 0.11875
0 0.5375 0.1625 0.153125 0.121875
0 0.78515625 0.14453125 0.1296875 0.1203125
0 0.8390625 0.2921875 0.20625 0.121875
0 0.6765625 0.20703125 0.15 0.1359375
0 0.64140625 0.365625 0.1984375 0.128125
0 0.1671875 0.3375 0.15 0.178125
0 0.0640625 0.33671875 0.128125 0.1140625
0 0.2546875 0.35859375 0.096875 0.1421875
0 0.34296875 0.359375 0.1203125 0.103125
0 0.4765625 0.33515625 0.165625 0.1171875
0 0.50546875 0.2578125 0.1609375 0.071875
0 0.625 0.26875 0.128125 0.09375
0 0.60546875 0.0828125 0.1734375 0.13125
0 0.47421875 0.08671875 0.1421875 0.1015625
0 0.72734375 0.446875 0.1234375 0.125
0 0.93203125 0.36953125 0.1234375 0.1078125
0 0.9390625 0.4546875 0.121875 0.125
0 0.909375 0.61875 0.178125 0.19375
0 0.7515625 0.57890625 0.2 0.2109375
0 0.35625 0.4703125 0.196875 0.109375
0 0.24375 0.52734375 0.134375 0.1421875
0 0.14765625 0.5828125 0.1859375 0.140625
0 0.2359375 0.65625 0.171875 0.15625
0 0.090625 0.84921875 0.18125 0.1703125
0 0.296875 0.8171875 0.178125 0.146875
0 0.44375 0.88984375 0.121875 0.1515625
0 0.56640625 0.75859375 0.2765625 0.1796875
0 0.89609375 0.80625 0.1234375 0.184375
0 0.78203125 0.7234375 0.1515625 0.1