0 0.54296875 0.625 0.2046875 0.284375
0 0.2171875 0.20703125 0.153125 0.1265625
0 0.3625 0.39453125 0.096875 0.1203125
0 0.69765625 0.35546875 0.1265625 0.1203125
0 0.8015625 0.2859375 0.1 0.115625
0 0.596875 0.32421875 0.128125 0.1109375
0 0.4765625 0.37734375 0.15 0.0953125
0 0.25078125 0.33515625 0.1421875 0.1515625
0 0.3359375 0.2453125 0.1125 0.096875
0 0.38203125 0.30859375 0.0921875 0.1078125
0 0.49609375 0.28984375 0.1453125 0.1328125
0 0.45078125 0.20546875 0.1390625 0.1359375
0 0.58203125 0.2046875 0.1640625 0.121875
0 0.68828125 0.25234375 0.1359375 0.1546875