1 0.53828125 0.2671875 0.1640625 0.13125
0 0.41015625 0.58671875 0.1515625 0.1328125
1 0.6125 0.45078125 0.121875 0.1328125
1 0.61328125 0.3296875 0.1328125 0.121875
1 0.44296875 0.41953125 0.1234375 0.1765625
1 0.37265625 0.790625 0.1171875 0.15625
1 0.51953125 0.73828125 0.1390625 0.1890625
1 0.68515625 0.6640625 0.1484375 0.159375
1 0.36484375 0.45 0.1109375 0.1125
1 0.39765625 0.51953125 0.1109375 0.1015625
1 0.303125 0.72578125 0.096875 0.1109375
0 0.2921875 0.8484375 0.08125 0.125
0 0.38671875 0.90234375 0.1515625 0.1203125
1 0.60625 0.8171875 0.10625 0.128125
1 0.65703125 0.89140625 0.1671875 0.2046875
1 0.47734375 0.796875 0.1421875 0.128125
1 0.3375 0.94375 0.10625 0.10625
0 0.70078125 0.3921875 0.1484375 0.190625
0 0.415625 0.14921875 0.134375 0.1671875
0 0.32734375 0.18671875 0.1234375 0.1546875
2 0.39453125 0.31796875 0.0953125 0.1234375
0 0.575 0.64921875 0.1625 0.1703125
0 0.559375 0.9078125 0.121875 0.159375
2 0.6640625 0.55859375 0.2 0.2046875
0 0.58203125 0.1203125 0.1734375 0.16875
2 0.6734375 0.21171875 0.16875 0.2015625
0 0.45625 0.040625 0.146875 0.08125
0 0.31953125 0.0609375 0.1328125 0.1
2 0.2375 0.190625 0.1125 0.16875
2 0.2375 0.35078125 0.075 0.1078125
0 0.50703125 0.5359375 0.1296875 0.125
0 0.29921875 0.5453125 0.1171875 0.184375
0 0.47265625 0.94140625 0.1078125 0.1171875
0 0.62265625 0.75078125 0.1265625 0.1203125
1 0.7359375 0.81015625 0.153125 0.1765625
0 0.30625 0.36015625 0.128125 0.1640625
0 0.6734375 0.05625 0.125 0.1125
0 0.5796875 0.03359375 0.13125 0.0671875
0 0.41484375 0.253125 0.1171875 0.15
0 0.4078125 0.68984375 0.125 0.1078125