3 0.4765625 0.37421875 0.253125 0.2421875
3 0.31796875 0.59453125 0.2234375 0.2140625
3 0.6703125 0.4984375 0.35625 0.378125
3 0.096875 0.6046875 0.19375 0.2625
3 0.50390625 0.71796875 0.3109375 0.3515625
3 0.9328125 0.70859375 0.115625 0.2484375
3 0.2328125 0.26640625 0.290625 0.2921875
0 0.4296875 0.209375 0.290625 0.228125
0 0.70390625 0.2453125 0.3109375 0.225
0 0.9109375 0.24765625 0.178125 0.1578125
3 0.12421875 0.4390625 0.2484375 0.196875
3 0.16015625 0.33515625 0.2453125 0.1890625
2 0.31796875 0.478125 0.2296875 0.171875
2 0.1875 0.7 0.228125 0.26875
2 0.33828125 0.76015625 0.2546875 0.2140625
3 0.7734375 0.76015625 0.296875 0.2296875
3 0.6015625 0.80625 0.23125 0.18125
3 0.73203125 0.8625 0.2015625 0.121875
3 0.8875 0.865625 0.146875 0.146875
0 0.84765625 0.634375 0.1890625 0.18125
0 0.89140625 0.43125 0.2171875 0.246875