1 0.27734375 0.36171875 0.2515625 0.1578125
1 0.83359375 0.70703125 0.2140625 0.1453125
1 0.57109375 0.49765625 0.1921875 0.2046875
1 0.14609375 0.55546875 0.1734375 0.1890625
1 0.6796875 0.53828125 0.16875 0.1265625
1 0.2953125 0.503125 0.134375 0.184375
1 0.48515625 0.290625 0.1453125 0.1375
1 0.54609375 0.3703125 0.1578125 0.109375
1 0.68828125 0.36484375 0.1453125 0.1078125
1 0.7671875 0.44765625 0.16875 0.1546875
1 0.6046875 0.63046875 0.13125 0.0953125
1 0.3859375 0.64453125 0.121875 0.0921875
1 0.2640625 0.6484375 0.15 0.125
1 0.4734375 0.58828125 0.13125 0.1078125
1 0.51953125 0.67421875 0.1671875 0.1140625
1 0.4234375 0.50859375 0.146875 0.1453125