3 0.51484375 0.27265625 0.2984375 0.2859375
3 0.36796875 0.55546875 0.3109375 0.2828125
3 0.75859375 0.6953125 0.4015625 0.31875
3 0.3640625 0.86328125 0.275 0.1921875
3 0.225 0.25390625 0.253125 0.3390625
3 0.75859375 0.32109375 0.2546875 0.2546875
2 0.775 0.91171875 0.3 0.1765625
2 0.61328125 0.11875 0.2828125 0.2375
2 0.8359375 0.1109375 0.196875 0.2125
2 0.921875 0.25078125 0.15625 0.2328125
3 0.34453125 0.08984375 0.2796875 0.1796875
3 0.07734375 0.3 0.1515625 0.284375
3 0.07734375 0.60625 0.1546875 0.325
3 0.2546875 0.7375 0.25 0.1625
3 0.1640625 0.4828125 0.14375 0.203125
3 0.52734375 0.74921875 0.2671875 0.2484375
3 0.609375 0.51875 0.215625 0.228125
3 0.8625 0.4859375 0.275 0.284375
1 0.146875 0.89140625 0.28125 0.2109375