1 0.29609375 0.590625 0.1671875 0.221875
1 0.459375 0.65703125 0.221875 0.2140625
1 0.24296875 0.48203125 0.1546875 0.1484375
1 0.29765625 0.3890625 0.1390625 0.115625
1 0.15078125 0.428125 0.1546875 0.121875
1 0.19765625 0.35078125 0.1328125 0.0921875
1 0.39140625 0.4515625 0.1515625 0.153125
1 0.51015625 0.50859375 0.1578125 0.1296875
1 0.640625 0.684375 0.178125 0.165625
1 0.67265625 0.5265625 0.1828125 0.175
1 0.81953125 0.61484375 0.1984375 0.1796875
1 0.54140625 0.40703125 0.1640625 0.1484375
1 0.30859375 0.31015625 0.0984375 0.0890625
1 0.7203125 0.40703125 0.21875 0.1578125