1 0.4640625 0.39296875 0.134375 0.1015625
1 0.48125 0.31875 0.084375 0.078125
1 0.57109375 0.403125 0.1078125 0.121875
1 0.55 0.5703125 0.115625 0.0875
2 0.73515625 0.3421875 0.0953125 0.11875
2 0.95234375 0.3640625 0.0953125 0.128125
3 0.08046875 0.27109375 0.1234375 0.1265625
3 0.153125 0.3796875 0.078125 0.09375
2 0.290625 0.3328125 0.096875 0.115625
3 0.1109375 0.5421875 0.096875 0.09375
1 0.3828125 0.6015625 0.09375 0.084375
1 0.584375 0.6578125 0.1 0.10625
1 0.64375 0.4921875 0.1 0.090625
3 0.040625 0.3984375 0.078125 0.10625
3 0.03046875 0.48828125 0.0609375 0.0859375
3 0.12421875 0.44296875 0.0578125 0.0609375
3 0.23203125 0.4171875 0.0796875 0.06875
3 0.2015625 0.5875 0.0875 0.084375
3 0.11171875 0.62578125 0.0671875 0.0546875
3 0.08046875 0.575 0.1015625 0.06875
3 0.146875 0.61171875 0.06875 0.0515625
3 0.18203125 0.65078125 0.0640625 0.0515625
3 0.15703125 0.51953125 0.0609375 0.0515625
3 0.2046875 0.48515625 0.05625 0.0578125
3 0.08984375 0.478125 0.0921875 0.0625
3 0.08828125 0.3671875 0.0796875 0.059375
3 0.15703125 0.30546875 0.0703125 0.0796875
1 0.4265625 0.478125 0.103125 0.09375
1 0.54375 0.490625 0.0875 0.0875
1 0.646875 0.5796875 0.109375 0.10625
1 0.65625 0.4203125 0.096875 0.09375
1 0.41328125 0.66796875 0.0515625 0.0546875
1 0.4265625 0.578125 0.075 0.08125
1 0.46171875 0.63359375 0.0640625 0.0578125
1 0.5 0.6234375 0.078125 0.071875
1 0.52421875 0.690625 0.0734375 0.059375
1 0.48359375 0.69765625 0.0578125 0.0421875
1 0.36015625 0.534375 0.0921875 0.06875
1 0.478125 0.5453125 0.075 0.10625
1 0.3734375 0.3375 0.0875 0.096875
1 0.3125 0.25703125 0.140625 0.1046875
1 0.196875 0.2515625 0.096875 0.1
1 0.4140625 0.275 0.096875 0.084375
1 0.46953125 0.24453125 0.1109375 0.0671875
1 0.56640625 0.28828125 0.1328125 0.1484375
1 0.675 0.2578125 0.096875 0.08125
1 0.753125 0.2609375 0.084375 0.078125
1 0.66015625 0.34375 0.0796875 0.06875
1 0.85859375 0.28828125 0.1609375 0.1265625
4 0.89140625 0.34921875 0.1171875 0.0703125
0 0.80546875 0.3765625 0.0953125 0.065625
0 0.7890625 0.4578125 0.084375 0.103125
0 0.86171875 0.43984375 0.0578125 0.0484375
0 0.9515625 0.503125 0.0875 0.078125
0 0.8640625 0.615625 0.0875 0.165625
0 0.928125 0.5875 0.084375 0.090625
0 0.91875 0.64765625 0.065625 0.0703125
0 0.85390625 0.48984375 0.0640625 0.0484375
0 0.82265625 0.51953125 0.0390625 0.0484375
0 0.8734375 0.51875 0.040625 0.028125
0 0.89453125 0.49921875 0.0328125 0.0421875
0 0.91015625 0.43515625 0.0484375 0.0546875
0 0.78203125 0.62890625 0.0546875 0.0453125
0 0.80546875 0.60234375 0.0484375 0.0421875
0 0.77890625 0.66953125 0.0609375 0.0421875
0 0.90078125 0.71640625 0.1546875 0.0515625
0 0.86015625 0.7734375 0.0734375 0.04375
0 0.9765625 0.60546875 0.04375 0.0734375