0 0.5671875 0.91484375 0.075 0.0984375
0 0.528125 0.296875 0.1125 0.134375
0 0.5171875 0.13046875 0.13125 0.1421875
0 0.696875 0.44921875 0.10625 0.1421875
0 0.55625 0.62890625 0.103125 0.1234375
0 0.70625 0.61015625 0.121875 0.1109375
0 0.66328125 0.11640625 0.1203125 0.1734375
0 0.55 0.4625 0.115625 0.125
0 0.6671875 0.28671875 0.1125 0.1328125
0 0.71796875 0.75625 0.1140625 0.121875
0 0.72421875 0.9203125 0.1015625 0.1
3 0.33984375 0.94296875 0.0984375 0.1109375
3 0.328125 0.7828125 0.109375 0.109375
3 0.32578125 0.64140625 0.1171875 0.1203125
3 0.30859375 0.48046875 0.1171875 0.1234375
3 0.29609375 0.321875 0.1109375 0.121875
3 0.28984375 0.1625 0.1453125 0.15625