4 0.6765625 0.396875 0.140625 0.23125
4 0.5625 0.1390625 0.19375 0.15625
4 0.74140625 0.1390625 0.1828125 0.253125
4 0.7765625 0.4390625 0.103125 0.20625
4 0.7078125 0.5734375 0.146875 0.184375
4 0.6375 0.6921875 0.196875 0.159375
4 0.784375 0.7796875 0.0875 0.159375
4 0.6890625 0.921875 0.165625 0.15625
4 0.52421875 0.93203125 0.2078125 0.1359375
4 0.48125 0.78359375 0.19375 0.2234375
4 0.4546875 0.628125 0.184375 0.19375
4 0.5015625 0.4515625 0.203125 0.175
4 0.56640625 0.31953125 0.1109375 0.1265625
4 0.4484375 0.259375 0.209375 0.1625
4 0.3796875 0.11171875 0.178125 0.1515625
4 0.2421875 0.0625 0.128125 0.11875
4 0.265625 0.2609375 0.196875 0.203125
4 0.23125 0.48125 0.128125 0.209375
4 0.34375 0.4265625 0.1625 0.228125
4 0.228125 0.875 0.121875 0.25
4 0.321875 0.6703125 0.146875 0.28125
4 0.35078125 0.928125 0.1109375 0.14375
4 0.3421875 0.8484375 0.128125 0.103125