0 0.08203125 0.53828125 0.0953125 0.0671875
0 0.70234375 0.5421875 0.1296875 0.103125
0 0.8671875 0.5421875 0.134375 0.121875
0 0.53828125 0.7 0.1359375 0.096875
0 0.36796875 0.54765625 0.1171875 0.0953125
0 0.37734375 0.69921875 0.1015625 0.1171875
0 0.871875 0.68984375 0.165625 0.1078125
0 0.53515625 0.55234375 0.1171875 0.1078125
0 0.70234375 0.68203125 0.1265625 0.1046875
0 0.23046875 0.6984375 0.1140625 0.10625
0 0.065625 0.69453125 0.09375 0.0953125
3 0.07109375 0.309375 0.1046875 0.090625
3 0.23046875 0.30859375 0.1015625 0.1046875
3 0.37265625 0.315625 0.1140625 0.109375
3 0.5328125 0.309375 0.115625 0.109375
3 0.69296875 0.309375 0.1171875 0.103125
3 0.8515625 0.31484375 0.146875 0.1359375