1 0.1640625 0.653125 0.259375 0.290625
1 0.7765625 0.6546875 0.265625 0.26875
1 0.88515625 0.53359375 0.2296875 0.2640625
1 0.384375 0.7171875 0.253125 0.19375
1 0.6953125 0.41015625 0.28125 0.2734375
1 0.275 0.5359375 0.25 0.271875
1 0.1703125 0.24296875 0.253125 0.1953125
1 0.4578125 0.36875 0.275 0.30625
1 0.1015625 0.45 0.203125 0.275
1 0.23125 0.40078125 0.23125 0.2296875
1 0.77421875 0.29921875 0.2140625 0.2390625
1 0.54296875 0.55390625 0.2390625 0.2171875
1 0.603125 0.71953125 0.21875 0.1671875
1 0.3796875 0.2390625 0.196875 0.184375
1 0.60078125 0.20625 0.2515625 0.16875
1 0.92421875 0.32578125 0.1421875 0.1984375
1 0.8671875 0.178125 0.240625 0.140625