3 0.2546875 0.83671875 0.340625 0.2859375
3 0.30546875 0.25546875 0.3296875 0.2828125
3 0.5203125 0.765625 0.28125 0.284375
3 0.725 0.52734375 0.3 0.2453125
3 0.66640625 0.26796875 0.3265625 0.2296875
3 0.5796875 0.903125 0.271875 0.19375
3 0.4140625 0.40234375 0.296875 0.2796875
3 0.4796875 0.13359375 0.296875 0.2671875
3 0.609375 0.49453125 0.275 0.3234375
3 0.37734375 0.621875 0.2609375 0.30625
3 0.75 0.67265625 0.24375 0.2828125
3 0.21171875 0.38046875 0.1828125 0.3765625
3 0.82578125 0.17890625 0.1734375 0.2921875
3 0.71953125 0.86796875 0.2640625 0.2640625