2 0.66796875 0.56953125 0.2859375 0.2953125
2 0.91953125 0.7890625 0.1609375 0.21875
2 0.8015625 0.8984375 0.253125 0.165625
2 0.7984375 0.77109375 0.215625 0.1859375
2 0.83359375 0.62421875 0.2046875 0.2203125
2 0.79921875 0.42265625 0.2640625 0.2234375
2 0.71875 0.22578125 0.271875 0.3234375
2 0.59140625 0.81015625 0.3109375 0.2953125
2 0.39140625 0.9109375 0.2515625 0.178125
2 0.43359375 0.76796875 0.2296875 0.2515625
2 0.38671875 0.56640625 0.3109375 0.2671875
2 0.409375 0.4171875 0.228125 0.203125
2 0.17421875 0.946875 0.2515625 0.10625
2 0.2640625 0.84609375 0.203125 0.2328125
2 0.11328125 0.83984375 0.1765625 0.2453125
2 0.20078125 0.66484375 0.2265625 0.2265625
2 0.08515625 0.56015625 0.1703125 0.2515625
2 0.21484375 0.4734375 0.2296875 0.2375
2 0.11640625 0.33671875 0.2328125 0.3046875
2 0.5921875 0.409375 0.253125 0.209375
2 0.5296875 0.21953125 0.24375 0.3140625
2 0.65390625 0.06640625 0.3203125 0.1328125
2 0.4109375 0.0796875 0.25 0.159375
2 0.3828125 0.23359375 0.240625 0.2984375
2 0.2 0.159375 0.321875 0.284375