4 0.46953125 0.58828125 0.2515625 0.1453125
4 0.31015625 0.70859375 0.2296875 0.1359375
4 0.48359375 0.71484375 0.1734375 0.1578125
4 0.240625 0.61640625 0.1875 0.1109375
4 0.12890625 0.65390625 0.1359375 0.1765625
4 0.65390625 0.725 0.1828125 0.203125
4 0.8109375 0.75546875 0.21875 0.1546875
4 0.871875 0.65546875 0.196875 0.1203125
4 0.73203125 0.58203125 0.1484375 0.1734375
4 0.91484375 0.56015625 0.1703125 0.1609375
4 0.846875 0.4328125 0.215625 0.153125
4 0.696875 0.45546875 0.121875 0.1140625
4 0.57421875 0.42890625 0.1328125 0.0734375
4 0.5953125 0.48671875 0.121875 0.1234375
4 0.49140625 0.47578125 0.1640625 0.0953125
4 0.20859375 0.5578125 0.1421875 0.09375
4 0.1578125 0.49453125 0.15 0.1140625
4 0.13515625 0.4265625 0.1421875 0.125
4 0.0515625 0.47421875 0.090625 0.1328125
4 0.23828125 0.3859375 0.1234375 0.109375
4 0.33828125 0.434375 0.1328125 0.09375
4 0.1140625 0.35703125 0.159375 0.0859375
4 0.19453125 0.290625 0.1609375 0.1125
4 0.04453125 0.253125 0.0828125 0.134375
4 0.3515625 0.25859375 0.121875 0.1703125
4 0.421875 0.3484375 0.16875 0.1125
4 0.5515625 0.3640625 0.13125 0.11875
4 0.56484375 0.24140625 0.1109375 0.1453125
4 0.46015625 0.24375 0.1171875 0.13125
4 0.63671875 0.309375 0.1484375 0.11875
4 0.73828125 0.3515625 0.1015625 0.103125
4 0.64921875 0.38046875 0.1046875 0.0765625
4 0.88203125 0.3015625 0.1234375 0.146875
4 0.78125 0.2875 0.140625 0.1125