4 0.6890625 0.540625 0.284375 0.39375
4 0.89140625 0.5015625 0.2171875 0.23125
4 0.9390625 0.32890625 0.121875 0.2171875
4 0.815625 0.303125 0.228125 0.25
4 0.88046875 0.1890625 0.1859375 0.196875
4 0.703125 0.2203125 0.209375 0.190625
4 0.5953125 0.15 0.215625 0.10625
4 0.5625 0.3109375 0.434375 0.39375
4 0.2671875 0.2859375 0.215625 0.240625
4 0.134375 0.1953125 0.253125 0.209375
4 0.1546875 0.40625 0.303125 0.25625
4 0.21875 0.6546875 0.4375 0.259375
4 0.3390625 0.4296875 0.296875 0.240625
4 0.146875 0.7796875 0.29375 0.128125
4 0.4671875 0.6734375 0.284375 0.321875
4 0.6546875 0.7546875 0.425 0.203125
4 0.9109375 0.7046875 0.178125 0.278125