4 0.825 0.434375 0.196875 0.278125
4 0.95625 0.47421875 0.0875 0.1796875
4 0.68515625 0.39609375 0.1328125 0.2671875
4 0.55859375 0.42578125 0.2453125 0.2671875
4 0.35546875 0.5046875 0.1734375 0.29375
4 0.140625 0.35078125 0.165625 0.2546875
4 0.18828125 0.196875 0.2671875 0.09375
4 0.38046875 0.23359375 0.1984375 0.1359375
4 0.559375 0.2453125 0.159375 0.18125
4 0.28359375 0.6640625 0.2109375 0.225
4 0.1984375 0.5171875 0.1875 0.090625
4 0.090625 0.59609375 0.18125 0.2171875
4 0.828125 0.759375 0.20625 0.103125
4 0.475 0.72109375 0.165625 0.1953125
4 0.8859375 0.25859375 0.228125 0.2171875