3 0.13671875 0.4375 0.2296875 0.15
3 0.17109375 0.2734375 0.2171875 0.20625
2 0.20078125 0.6171875 0.2703125 0.2625
3 0.425 0.340625 0.2125 0.24375
3 0.6421875 0.5 0.246875 0.14375
2 0.73828125 0.3109375 0.1859375 0.19375
3 0.659375 0.634375 0.296875 0.16875
3 0.85234375 0.41484375 0.2171875 0.2859375
3 0.84609375 0.6921875 0.1828125 0.178125
3 0.94765625 0.6765625 0.1046875 0.1875
3 0.45625 0.4984375 0.134375 0.15
3 0.5703125 0.37734375 0.209375 0.1453125
3 0.6671875 0.2078125 0.221875 0.134375
3 0.83203125 0.20390625 0.1765625 0.1546875
3 0.94921875 0.2015625 0.1015625 0.153125