2 0.68125 0.82578125 0.16875 0.1578125
2 0.5515625 0.80234375 0.175 0.2046875
2 0.63828125 0.72109375 0.1921875 0.1734375
1 0.5359375 0.540625 0.178125 0.159375
2 0.615625 0.2453125 0.13125 0.14375
2 0.51953125 0.2546875 0.1296875 0.140625
2 0.5765625 0.1765625 0.125 0.128125
2 0.4875 0.1484375 0.13125 0.146875
3 0.66328125 0.53984375 0.1359375 0.1328125
3 0.653125 0.45625 0.0875 0.103125
3 0.5375 0.4296875 0.175 0.128125
0 0.91171875 0.42421875 0.1765625 0.1734375
0 0.80859375 0.49609375 0.1671875 0.1390625
3 0.803125 0.41640625 0.1375 0.1515625
3 0.940625 0.4984375 0.09375 0.1125
3 0.825 0.753125 0.140625 0.246875
3 0.93359375 0.69140625 0.1328125 0.1640625
3 0.96953125 0.7796875 0.0609375 0.121875
3 0.90625 0.790625 0.115625 0.1