4 0.57109375 0.49296875 0.1265625 0.1703125
4 0.37109375 0.6328125 0.1453125 0.1625
4 0.41640625 0.53046875 0.1203125 0.1234375
4 0.34296875 0.51796875 0.1140625 0.1296875
4 0.4953125 0.25546875 0.11875 0.1078125
3 0.4 0.35625 0.10625 0.1
3 0.3578125 0.4203125 0.109375 0.096875
3 0.27421875 0.2015625 0.1078125 0.125
4 0.26484375 0.3546875 0.0828125 0.090625
3 0.23671875 0.43671875 0.0796875 0.1171875
3 0.23671875 0.5765625 0.0984375 0.146875
3 0.26640625 0.67265625 0.1171875 0.0953125
3 0.346875 0.22890625 0.0875 0.1046875
3 0.546875 0.378125 0.103125 0.1
3 0.4703125 0.3640625 0.090625 0.10625
3 0.309375 0.32265625 0.121875 0.1421875
3 0.2890625 0.5328125 0.1 0.1
3 0.4171875 0.2484375 0.090625 0.109375
3 0.5375 0.2828125 0.096875 0.090625
3 0.421875 0.67890625 0.11875 0.1109375
3 0.421875 0.43984375 0.065625 0.0953125