0 0.6390625 0.73203125 0.20625 0.2328125
0 0.68046875 0.55625 0.2328125 0.20625
0 0.62734375 0.4296875 0.1671875 0.121875
0 0.5859375 0.328125 0.19375 0.140625
0 0.58046875 0.20078125 0.1984375 0.1765625
0 0.459375 0.73359375 0.228125 0.2140625
0 0.46328125 0.5859375 0.2296875 0.2
0 0.44765625 0.43828125 0.2453125 0.1796875
0 0.4234375 0.28984375 0.20625 0.2390625
0 0.253125 0.259375 0.228125 0.171875
0 0.26328125 0.3890625 0.2109375 0.146875
0 0.265625 0.53828125 0.26875 0.1765625
0 0.290625 0.6859375 0.25625 0.19375