3 0.86484375 0.30859375 0.2703125 0.3359375
3 0.28984375 0.26953125 0.2765625 0.3234375
3 0.75859375 0.56015625 0.2796875 0.2765625
3 0.4921875 0.72734375 0.240625 0.2953125
3 0.24609375 0.628125 0.2265625 0.325
3 0.89609375 0.64375 0.2078125 0.26875
3 0.4171875 0.39921875 0.275 0.2921875
3 0.13671875 0.42109375 0.2734375 0.2921875
3 0.47734375 0.60703125 0.3203125 0.2703125
3 0.6390625 0.396875 0.303125 0.25625
3 0.63125 0.775 0.278125 0.2375
3 0.428125 0.196875 0.371875 0.178125
3 0.1375 0.771875 0.275 0.16875
3 0.84375 0.778125 0.290625 0.259375