2 0.53984375 0.6515625 0.4421875 0.328125
2 0.78359375 0.44765625 0.3390625 0.2984375
2 0.70234375 0.35625 0.1953125 0.2125
2 0.49609375 0.46171875 0.3484375 0.2453125
2 0.78671875 0.82734375 0.3609375 0.3359375
2 0.3859375 0.8734375 0.65 0.253125
2 0.8421875 0.61953125 0.234375 0.2703125
2 0.22578125 0.61171875 0.3515625 0.3734375
2 0.29609375 0.41484375 0.2484375 0.2546875
2 0.471875 0.31484375 0.25 0.1984375
2 0.28671875 0.3 0.2015625 0.225
2 0.8625 0.20234375 0.165625 0.2859375
2 0.66484375 0.13359375 0.2734375 0.2671875
2 0.28515625 0.10234375 0.4515625 0.2046875
2 0.10546875 0.378125 0.1203125 0.16875
2 0.15390625 0.28203125 0.2265625 0.2265625
2 0.44921875 0.21796875 0.2265625 0.1796875