4 0.47578125 0.78671875 0.2578125 0.2640625
4 0.646875 0.6703125 0.221875 0.221875
4 0.67265625 0.3859375 0.1921875 0.2625
4 0.71875 0.546875 0.16875 0.2
4 0.6984375 0.9078125 0.19375 0.18125
4 0.5140625 0.4546875 0.228125 0.196875
4 0.4625 0.6171875 0.2 0.215625
4 0.434375 0.25859375 0.234375 0.1640625
4 0.559375 0.13046875 0.215625 0.1765625
4 0.2671875 0.2546875 0.209375 0.225
4 0.2390625 0.48515625 0.146875 0.2265625
4 0.32265625 0.659375 0.1734375 0.303125
4 0.34453125 0.43125 0.1703125 0.253125
4 0.24765625 0.8625 0.1515625 0.275
4 0.3546875 0.91875 0.1625 0.1625
4 0.73515625 0.1390625 0.1890625 0.26875