1 0.15703125 0.634375 0.2453125 0.278125
1 0.7671875 0.66875 0.253125 0.25625
1 0.88671875 0.55546875 0.2234375 0.2515625
1 0.3734375 0.7109375 0.24375 0.18125
1 0.70078125 0.4203125 0.2703125 0.259375
1 0.2734375 0.5234375 0.2375 0.259375
1 0.18515625 0.22578125 0.2421875 0.1828125
1 0.4640625 0.365625 0.259375 0.29375
1 0.10078125 0.4296875 0.1984375 0.265625
1 0.23671875 0.3859375 0.2203125 0.21875
1 0.784375 0.3140625 0.203125 0.228125
1 0.5390625 0.55703125 0.228125 0.2078125
1 0.59140625 0.7234375 0.2109375 0.15625
1 0.39453125 0.2328125 0.1859375 0.175
1 0.61640625 0.2109375 0.2421875 0.15625
1 0.93359375 0.34921875 0.1328125 0.1921875
1 0.88359375 0.196875 0.2328125 0.128125