3 0.43125 0.4984375 0.20625 0.2375
3 0.30234375 0.2390625 0.2828125 0.140625
3 0.06015625 0.50703125 0.1171875 0.1203125
3 0.89453125 0.346875 0.1671875 0.203125
3 0.32578125 0.66796875 0.2546875 0.2078125
3 0.72734375 0.3625 0.2015625 0.225
3 0.63046875 0.46015625 0.1140625 0.1546875
3 0.571875 0.2546875 0.125 0.175
3 0.4765625 0.2421875 0.109375 0.1375
3 0.1109375 0.20859375 0.115625 0.0796875
3 0.06171875 0.29140625 0.1203125 0.1453125
3 0.10390625 0.4203125 0.1359375 0.175
3 0.23828125 0.49765625 0.2203125 0.1703125
3 0.1984375 0.30234375 0.146875 0.1765625
3 0.2953125 0.36484375 0.128125 0.1109375
3 0.42265625 0.34921875 0.1234375 0.1390625
3 0.53515625 0.39140625 0.0828125 0.1078125
3 0.6859375 0.52265625 0.228125 0.1265625
3 0.84609375 0.47421875 0.1390625 0.1328125
3 0.759375 0.228125 0.153125 0.121875
3 0.90546875 0.21953125 0.1890625 0.1015625
3 0.9609375 0.44765625 0.078125 0.1609375
3 0.9671875 0.66875 0.065625 0.24375
3 0.8453125 0.73515625 0.115625 0.1953125
3 0.9078125 0.61328125 0.06875 0.1515625
3 0.8234375 0.5953125 0.09375 0.1375
3 0.66953125 0.68828125 0.2546875 0.2828125
3 0.49140625 0.6875 0.2515625 0.271875
3 0.1625 0.61796875 0.190625 0.2265625
3 0.08984375 0.69921875 0.1765625 0.1359375
3 0.12421875 0.7734375 0.1390625 0.115625
3 0.29296875 0.76953125 0.1578125 0.1078125
3 0.04453125 0.6140625 0.0859375 0.159375