1 0.89453125 0.87421875 0.1453125 0.1609375
1 0.75 0.87265625 0.1375 0.1703125
1 0.62109375 0.875 0.1453125 0.171875
1 0.884375 0.653125 0.121875 0.1625
3 0.19375 0.19140625 0.121875 0.1609375
3 0.31796875 0.18828125 0.1234375 0.1671875
3 0.44140625 0.1921875 0.1265625 0.19375
3 0.19375 0.4140625 0.109375 0.159375
3 0.30703125 0.4234375 0.1296875 0.178125
3 0.43984375 0.42578125 0.1390625 0.1828125
3 0.1734375 0.64609375 0.128125 0.1421875
3 0.3046875 0.6453125 0.125 0.159375
3 0.440625 0.6484375 0.121875 0.1625
3 0.18515625 0.8640625 0.1109375 0.165625
3 0.30859375 0.85859375 0.1109375 0.1828125
3 0.43984375 0.8671875 0.1296875 0.159375
3 0.88984375 0.20234375 0.1359375 0.1796875
3 0.77109375 0.2109375 0.1109375 0.1875
3 0.63359375 0.19921875 0.1359375 0.1921875
3 0.64140625 0.4234375 0.1234375 0.196875
3 0.76015625 0.434375 0.1296875 0.2
3 0.8875 0.44609375 0.1375 0.1921875
3 0.6375 0.646875 0.115625 0.175
3 0.7609375 0.64765625 0.1375 0.2078125