0 0.53828125 0.3734375 0.1953125 0.278125
0 0.22734375 0.803125 0.1484375 0.121875
0 0.36640625 0.61171875 0.0921875 0.1171875
0 0.70234375 0.6375 0.1203125 0.115625
0 0.80859375 0.70390625 0.0984375 0.1109375
0 0.60390625 0.6734375 0.1234375 0.10625
0 0.48046875 0.6234375 0.1453125 0.090625
0 0.25625 0.67421875 0.1375 0.1484375
0 0.34609375 0.7609375 0.1109375 0.09375
0 0.38984375 0.69609375 0.0890625 0.1046875
0 0.503125 0.7109375 0.140625 0.128125
0 0.46171875 0.79765625 0.1328125 0.1328125
0 0.59296875 0.79296875 0.1578125 0.1171875
0 0.69765625 0.740625 0.1328125 0.15