3 0.790625 0.48203125 0.14375 0.1671875
3 0.25625 0.46640625 0.2 0.1453125
3 0.35859375 0.22109375 0.1453125 0.1359375
3 0.69296875 0.55703125 0.1609375 0.1703125
3 0.48203125 0.21875 0.1171875 0.171875
3 0.52578125 0.5765625 0.1234375 0.11875
3 0.66953125 0.40234375 0.1234375 0.1171875
0 0.49140625 0.4140625 0.1984375 0.175
3 0.32265625 0.58671875 0.1515625 0.1703125
3 0.2484375 0.2640625 0.14375 0.090625
3 0.27578125 0.35078125 0.1609375 0.1015625
3 0.565625 0.28203125 0.13125 0.0984375
3 0.6046875 0.1765625 0.15625 0.103125
3 0.6953125 0.253125 0.159375 0.1
3 0.76015625 0.34765625 0.1578125 0.1203125
3 0.41953125 0.6546875 0.1296875 0.159375
3 0.60546875 0.6578125 0.1484375 0.16875
3 0.51640625 0.74609375 0.1671875 0.1234375