4 0.346875 0.671875 0.178125 0.278125
4 0.44609375 0.8609375 0.1484375 0.21875
4 0.58203125 0.8703125 0.1796875 0.225
4 0.71640625 0.8546875 0.1421875 0.24375
4 0.66015625 0.64921875 0.2828125 0.2359375
4 0.6390625 0.41328125 0.265625 0.2828125
4 0.42421875 0.55625 0.2296875 0.190625
4 0.253125 0.4796875 0.2375 0.209375
4 0.22734375 0.64375 0.1859375 0.25
4 0.23984375 0.840625 0.1671875 0.24375
4 0.365625 0.9328125 0.246875 0.134375
4 0.21640625 0.3484375 0.2109375 0.21875
4 0.19296875 0.13359375 0.1921875 0.2234375
4 0.43984375 0.2484375 0.2328125 0.221875
4 0.63203125 0.41875 0.3078125 0.271875
4 0.68984375 0.19609375 0.1828125 0.1609375
4 0.5640625 0.1078125 0.159375 0.215625
4 0.41171875 0.09921875 0.2390625 0.1984375
4 0.80625 0.83359375 0.10625 0.2140625