1 0.834375 0.6578125 0.2625 0.29375
1 0.22265625 0.65078125 0.2703125 0.2734375
1 0.11484375 0.5265625 0.2296875 0.26875
1 0.6125 0.71953125 0.25625 0.1984375
1 0.30625 0.40625 0.2875 0.278125
1 0.72421875 0.5390625 0.2546875 0.275
1 0.834375 0.2484375 0.25625 0.2
1 0.54609375 0.36953125 0.2796875 0.3109375
1 0.896875 0.45703125 0.20625 0.2796875
1 0.77109375 0.4046875 0.2359375 0.234375
1 0.2296875 0.29453125 0.21875 0.2421875
1 0.45703125 0.553125 0.2421875 0.221875
1 0.39375 0.71640625 0.221875 0.1703125
1 0.625 0.240625 0.2 0.1875
1 0.4046875 0.20390625 0.253125 0.1734375
1 0.07890625 0.31953125 0.1453125 0.2015625
1 0.13984375 0.171875 0.2421875 0.14375