3 0.14375 0.284375 0.259375 0.31875
3 0.7265625 0.28515625 0.25625 0.3078125
3 0.2375 0.54296875 0.2625 0.2578125
3 0.4921875 0.7265625 0.221875 0.28125
3 0.74609375 0.64609375 0.2046875 0.3109375
3 0.09609375 0.61640625 0.1890625 0.2578125
3 0.590625 0.4046875 0.25625 0.275
3 0.8703125 0.446875 0.259375 0.275
3 0.515625 0.6078125 0.303125 0.25
3 0.36953125 0.3875 0.2859375 0.2375
3 0.35078125 0.76484375 0.2640625 0.2203125
3 0.59453125 0.20234375 0.3640625 0.1515625
3 0.84921875 0.796875 0.2796875 0.15
3 0.13828125 0.753125 0.2734375 0.240625