1 0.48046875 0.42890625 0.2703125 0.2984375
1 0.73125 0.6578125 0.440625 0.284375
1 0.0703125 0.10859375 0.1375 0.2015625
1 0.203125 0.0671875 0.196875 0.121875
1 0.371875 0.1015625 0.221875 0.1875
1 0.53203125 0.1265625 0.1796875 0.2125
1 0.67578125 0.05234375 0.2265625 0.0890625
1 0.6796875 0.17109375 0.25 0.2203125
1 0.1640625 0.234375 0.265625 0.20625
1 0.2890625 0.31875 0.234375 0.20625
1 0.05546875 0.3671875 0.1078125 0.196875
1 0.16015625 0.43984375 0.2359375 0.2171875
1 0.3125 0.5 0.215625 0.159375
1 0.071875 0.559375 0.140625 0.275
1 0.30859375 0.66328125 0.2765625 0.2828125
1 0.13046875 0.72421875 0.2546875 0.2109375
1 0.41484375 0.7484375 0.1859375 0.28125
1 0.184375 0.8796875 0.30625 0.221875
1 0.615625 0.84296875 0.296875 0.2328125
1 0.5296875 0.30078125 0.2375 0.2078125
1 0.81875 0.12734375 0.1875 0.1796875
1 0.89296875 0.071875 0.2015625 0.13125
1 0.86484375 0.2640625 0.2328125 0.196875
1 0.6796875 0.38671875 0.2125 0.2046875
1 0.7703125 0.4390625 0.3 0.2125
1 0.9234375 0.4453125 0.153125 0.2375
1 0.8828125 0.80078125 0.234375 0.3109375
1 0.44375 0.93828125 0.3125 0.1109375