4 0.359375 0.040625 0.16875 0.08125
4 0.253125 0.05234375 0.10625 0.1046875
4 0.22890625 0.3703125 0.1109375 0.2125
4 0.23984375 0.53984375 0.1234375 0.1171875
4 0.34765625 0.61328125 0.2296875 0.1859375
4 0.25625 0.7 0.19375 0.2
4 0.3421875 0.89375 0.2375 0.209375
4 0.43515625 0.73515625 0.1671875 0.2140625
4 0.546875 0.89609375 0.275 0.2078125
4 0.54375 0.6046875 0.203125 0.159375
4 0.5546875 0.478125 0.196875 0.153125
4 0.625 0.325 0.196875 0.25
4 0.58984375 0.11484375 0.2140625 0.2203125
4 0.7546875 0.196875 0.20625 0.246875
4 0.728125 0.575 0.209375 0.284375
4 0.75390625 0.77890625 0.1328125 0.2046875