0 0.87890625 0.10390625 0.2046875 0.2078125
1 0.62109375 0.3828125 0.1984375 0.215625
1 0.78671875 0.26015625 0.2359375 0.3984375
1 0.165625 0.615625 0.209375 0.2
1 0.6109375 0.1609375 0.190625 0.2625
1 0.2984375 0.9015625 0.196875 0.196875
0 0.15703125 0.81484375 0.2171875 0.2546875
0 0.365625 0.7234375 0.19375 0.29375
0 0.6734375 0.8359375 0.178125 0.18125
0 0.86953125 0.8765625 0.2609375 0.19375
0 0.82265625 0.6703125 0.1796875 0.209375
0 0.1390625 0.2125 0.278125 0.259375
0 0.175 0.40234375 0.16875 0.1828125
0 0.3609375 0.32578125 0.159375 0.1828125
1 0.9046875 0.2765625 0.18125 0.178125