3 0.45390625 0.38046875 0.2359375 0.2234375
3 0.3390625 0.62734375 0.209375 0.1984375
3 0.66796875 0.4671875 0.3296875 0.353125
3 0.1078125 0.684375 0.209375 0.246875
3 0.5453125 0.71328125 0.284375 0.3328125
3 0.9578125 0.62109375 0.084375 0.2453125
3 0.19296875 0.3203125 0.2703125 0.271875
0 0.375 0.22890625 0.275 0.2078125
0 0.65078125 0.21015625 0.2984375 0.2015625
0 0.8796875 0.17109375 0.215625 0.1421875
3 0.11875 0.5125 0.2375 0.178125
3 0.13515625 0.40390625 0.2328125 0.1703125
2 0.31640625 0.51328125 0.2203125 0.1546875
2 0.23125 0.75625 0.209375 0.253125
2 0.390625 0.7859375 0.240625 0.196875
3 0.8171875 0.70234375 0.28125 0.2078125
3 0.65703125 0.78203125 0.2203125 0.1640625
3 0.79609375 0.8125 0.1953125 0.10625
3 0.940625 0.784375 0.11875 0.134375
0 0.86640625 0.565625 0.1765625 0.16875
0 0.88515625 0.35703125 0.2265625 0.2296875