3 0.24140625 0.375 0.1328125 0.15
2 0.38984375 0.403125 0.1359375 0.153125
2 0.2453125 0.55390625 0.165625 0.1890625
2 0.0484375 0.62734375 0.096875 0.1921875
2 0.20546875 0.709375 0.1265625 0.146875
2 0.09765625 0.7828125 0.1296875 0.171875
2 0.3734375 0.7984375 0.1625 0.15
2 0.23203125 0.83203125 0.1390625 0.0859375
2 0.409375 0.6328125 0.140625 0.171875
2 0.50859375 0.459375 0.1203125 0.153125
2 0.6625 0.46796875 0.159375 0.2046875
2 0.5171875 0.3015625 0.14375 0.15625
2 0.64453125 0.2484375 0.1359375 0.159375
2 0.75078125 0.32890625 0.1421875 0.1453125
2 0.871875 0.39609375 0.15 0.1359375
2 0.81484375 0.51640625 0.1390625 0.1671875
2 0.84375 0.68125 0.171875 0.15
2 0.66640625 0.64609375 0.1453125 0.1515625
2 0.53515625 0.5953125 0.1203125 0.178125
2 0.5109375 0.746875 0.175 0.134375
2 0.684375 0.79375 0.18125 0.1625