4 0.5 0.33515625 0.234375 0.1859375
4 0.45703125 0.52421875 0.2578125 0.2359375
4 0.35859375 0.23515625 0.2328125 0.1328125
4 0.203125 0.46953125 0.225 0.1984375
4 0.6140625 0.234375 0.21875 0.134375
4 0.69140625 0.35 0.2109375 0.159375
4 0.88828125 0.253125 0.2234375 0.171875
4 0.38359375 0.7109375 0.2234375 0.165625
4 0.3828125 0.38203125 0.15 0.1171875
4 0.16953125 0.30546875 0.3359375 0.2734375
4 0.82734375 0.5265625 0.1828125 0.221875
4 0.7515625 0.43984375 0.153125 0.1390625
4 0.26328125 0.5953125 0.1859375 0.184375
4 0.1234375 0.74609375 0.18125 0.1765625
4 0.2609375 0.78828125 0.21875 0.0921875
4 0.05390625 0.62265625 0.1046875 0.2765625