4 0.39296875 0.44453125 0.1328125 0.1421875
4 0.4546875 0.5875 0.115625 0.16875
4 0.53359375 0.64453125 0.1546875 0.1390625
4 0.5 0.38515625 0.134375 0.1859375
4 0.52109375 0.53359375 0.1296875 0.1609375
4 0.57890625 0.46796875 0.1484375 0.1703125
4 0.653125 0.65234375 0.128125 0.1828125
4 0.740625 0.52265625 0.14375 0.1671875
4 0.72890625 0.40078125 0.1296875 0.1453125
4 0.590625 0.3125 0.19375 0.18125
4 0.69140625 0.23125 0.1765625 0.2375
4 0.32109375 0.3171875 0.1390625 0.14375
4 0.3796875 0.19765625 0.125 0.1609375
4 0.4078125 0.35390625 0.14375 0.1015625
4 0.46875 0.14765625 0.140625 0.1109375
4 0.5859375 0.18046875 0.146875 0.1515625
4 0.65 0.64453125 0.128125 0.1859375
4 0.790625 0.840625 0.115625 0.178125
4 0.62421875 0.78984375 0.1453125 0.1609375
4 0.56015625 0.85078125 0.1078125 0.1484375
4 0.48046875 0.9078125 0.1046875 0.146875
4 0.77578125 0.73125 0.1078125 0.13125