4 0.4796875 0.66484375 0.25625 0.2140625
4 0.54609375 0.48203125 0.2828125 0.2640625
4 0.609375 0.78203125 0.246875 0.1609375
4 0.79140625 0.56796875 0.2484375 0.2265625
4 0.35546875 0.75 0.2328125 0.159375
4 0.29296875 0.6265625 0.2296875 0.184375
4 0.103125 0.69765625 0.20625 0.1984375
4 0.6421875 0.30546875 0.240625 0.1921875
4 0.6015625 0.6328125 0.1625 0.134375
4 0.8046875 0.734375 0.36875 0.3125
4 0.1796875 0.43359375 0.209375 0.2421875
4 0.24375 0.5296875 0.16875 0.15625
4 0.74765625 0.434375 0.2078125 0.20625
4 0.9015625 0.3015625 0.196875 0.196875
4 0.7734375 0.24453125 0.228125 0.1203125
4 0.94453125 0.43359375 0.1109375 0.2859375