4 0.4453125 0.35234375 0.309375 0.2671875
4 0.25 0.234375 0.296875 0.134375
4 0.390625 0.5984375 0.3375 0.315625
4 0.28203125 0.41796875 0.2015625 0.1578125
4 0.6046875 0.240625 0.2875 0.146875
4 0.80234375 0.49375 0.2015625 0.203125
4 0.7 0.3640625 0.26875 0.209375
4 0.875 0.63671875 0.24375 0.2703125
4 0.140625 0.7125 0.24375 0.2375
4 0.12578125 0.275 0.1578125 0.196875
4 0.04765625 0.3171875 0.0921875 0.275
4 0.08359375 0.51875 0.1640625 0.29375
4 0.92578125 0.26328125 0.1484375 0.1890625
4 0.52890625 0.546875 0.2484375 0.228125