4 0.57578125 0.4640625 0.2078125 0.253125
4 0.37578125 0.61640625 0.2703125 0.2859375
4 0.290625 0.26796875 0.21875 0.3484375
4 0.3328125 0.0765625 0.240625 0.153125
4 0.234375 0.821875 0.20625 0.20625
4 0.3109375 0.4390625 0.26875 0.203125
4 0.2296875 0.90859375 0.209375 0.1453125
4 0.44140625 0.28515625 0.2546875 0.2046875
4 0.6296875 0.20390625 0.196875 0.2640625
4 0.51015625 0.7109375 0.2453125 0.2625
4 0.6421875 0.82109375 0.278125 0.1859375
4 0.56171875 0.94375 0.2296875 0.1125
4 0.7234375 0.36796875 0.171875 0.1859375
4 0.715625 0.64375 0.20625 0.18125