4 0.4625 0.575 0.246875 0.2
4 0.6203125 0.37890625 0.278125 0.2609375
4 0.27578125 0.2828125 0.3453125 0.20625
4 0.078125 0.31640625 0.15625 0.2359375
4 0.8296875 0.24609375 0.2 0.2015625
4 0.44609375 0.30859375 0.1953125 0.2640625
4 0.91796875 0.24453125 0.1390625 0.2046875
4 0.2875 0.434375 0.196875 0.25
4 0.2 0.61796875 0.25625 0.1890625
4 0.71015625 0.5171875 0.2578125 0.2375
4 0.8171875 0.653125 0.178125 0.275
4 0.94375 0.57734375 0.1125 0.2265625
4 0.36015625 0.71796875 0.1828125 0.1640625
4 0.6359375 0.72109375 0.175 0.2015625