4 0.46796875 0.53984375 0.1265625 0.0890625
4 0.36875 0.628125 0.090625 0.096875
4 0.271875 0.52734375 0.096875 0.0765625
4 0.3484375 0.56640625 0.121875 0.1078125
4 0.36640625 0.45234375 0.1140625 0.1234375
4 0.3203125 0.39453125 0.09375 0.1171875
4 0.48671875 0.3984375 0.1046875 0.13125
4 0.5859375 0.41953125 0.115625 0.1171875
4 0.61953125 0.51875 0.1140625 0.09375
4 0.7046875 0.45234375 0.140625 0.0953125
4 0.721875 0.565625 0.15625 0.128125
4 0.7703125 0.7046875 0.165625 0.153125
4 0.67734375 0.75 0.1296875 0.16875
4 0.82890625 0.55859375 0.0921875 0.1765625
4 0.91953125 0.5734375 0.1046875 0.146875
4 0.90234375 0.46171875 0.0984375 0.1109375
4 0.88984375 0.34140625 0.1171875 0.1390625
4 0.75078125 0.38125 0.1078125 0.090625
4 0.68828125 0.33515625 0.1265625 0.1171875
4 0.821875 0.24375 0.128125 0.121875
4 0.58515625 0.26171875 0.1015625 0.0953125
4 0.39375 0.27265625 0.134375 0.1015625
4 0.278125 0.2640625 0.13125 0.096875
4 0.1515625 0.30234375 0.134375 0.1203125
4 0.23984375 0.36328125 0.1203125 0.1078125
4 0.15078125 0.4 0.1140625 0.084375
4 0.15078125 0.46484375 0.1234375 0.0703125
4 0.15625 0.55 0.11875 0.146875
4 0.12265625 0.678125 0.1390625 0.096875
4 0.21328125 0.63125 0.1140625 0.15
4 0.17265625 0.74375 0.0984375 0.134375
4 0.440625 0.6296875 0.11875 0.1
4 0.5421875 0.6265625 0.109375 0.10625
4 0.634375 0.6375 0.10625 0.109375
4 0.5640625 0.69765625 0.084375 0.0796875
4 0.5890625 0.77421875 0.121875 0.1109375
4 0.42734375 0.7203125 0.1078125 0.090625
4 0.35546875 0.78046875 0.1234375 0.1078125