4 0.484375 0.51796875 0.15625 0.1390625
4 0.43125 0.63671875 0.11875 0.1453125
4 0.4234375 0.459375 0.171875 0.159375
4 0.31015625 0.4109375 0.1390625 0.184375
4 0.2375 0.4265625 0.13125 0.14375
4 0.225 0.5515625 0.128125 0.125
4 0.2359375 0.63515625 0.14375 0.1703125
4 0.30625 0.6640625 0.1 0.146875
4 0.2359375 0.71015625 0.109375 0.1203125
4 0.1953125 0.82109375 0.1 0.2203125
4 0.25234375 0.8625 0.1578125 0.159375
4 0.4359375 0.8203125 0.121875 0.146875
4 0.446875 0.72265625 0.15 0.1078125
4 0.3765625 0.92109375 0.140625 0.1484375
4 0.4921875 0.20703125 0.1625 0.1234375
4 0.5078125 0.12265625 0.128125 0.1609375
4 0.38671875 0.0453125 0.1109375 0.090625
4 0.31484375 0.08359375 0.1296875 0.1671875