4 0.54921875 0.4203125 0.1421875 0.165625
4 0.8 0.41015625 0.125 0.1546875
4 0.4265625 0.56640625 0.134375 0.1453125
4 0.2703125 0.625 0.153125 0.10625
4 0.178125 0.6875 0.11875 0.128125
4 0.21484375 0.240625 0.1484375 0.140625
4 0.453125 0.2515625 0.134375 0.146875
4 0.36015625 0.21953125 0.1328125 0.1015625
4 0.315625 0.32265625 0.1125 0.1828125
4 0.190625 0.3515625 0.15 0.15
4 0.32890625 0.46328125 0.1421875 0.1484375
4 0.22265625 0.4890625 0.1359375 0.159375
4 0.07421875 0.45859375 0.1421875 0.1390625
4 0.10234375 0.27578125 0.1015625 0.1359375
4 0.63125 0.27578125 0.121875 0.1515625
4 0.56953125 0.22890625 0.1203125 0.1203125
4 0.55859375 0.3421875 0.1328125 0.125
4 0.4359375 0.38671875 0.125 0.1296875
4 0.73671875 0.22578125 0.1359375 0.1140625
4 0.771875 0.29375 0.2125 0.121875
4 0.89375 0.27578125 0.075 0.0984375
4 0.92734375 0.3609375 0.1203125 0.090625
4 0.91953125 0.440625 0.1609375 0.1
4 0.71875 0.45390625 0.090625 0.1390625
4 0.64609375 0.48828125 0.1578125 0.1578125
4 0.8109375 0.5515625 0.121875 0.165625
4 0.73828125 0.6171875 0.1296875 0.175
4 0.82890625 0.628125 0.1328125 0.146875
4 0.91640625 0.69609375 0.1328125 0.1546875
4 0.81640625 0.75 0.1234375 0.1625
4 0.93515625 0.790625 0.1109375 0.0875
4 0.63984375 0.63984375 0.1234375 0.1203125
4 0.546875 0.76796875 0.128125 0.1328125
4 0.496875 0.67109375 0.153125 0.1515625
4 0.4578125 0.759375 0.103125 0.15
4 0.365625 0.68671875 0.109375 0.1578125
4 0.27265625 0.72890625 0.1359375 0.0953125
4 0.2546875 0.80078125 0.11875 0.0671875