4 0.54375 0.428125 0.234375 0.184375
4 0.37265625 0.61328125 0.2640625 0.2421875
4 0.71015625 0.73359375 0.3328125 0.1828125
4 0.91875 0.7125 0.1625 0.225
4 0.153125 0.73203125 0.1875 0.1890625
4 0.540625 0.69609375 0.178125 0.2515625
4 0.065625 0.7265625 0.125 0.196875
4 0.7078125 0.58203125 0.18125 0.2390625
4 0.80859375 0.403125 0.2453125 0.171875
4 0.29296875 0.46875 0.2421875 0.221875
4 0.19609375 0.32578125 0.1578125 0.2640625
4 0.05625 0.39140625 0.109375 0.2203125
4 0.65546875 0.29296875 0.1703125 0.1546875
4 0.3796875 0.27109375 0.1625 0.1890625