4 0.51875 0.51484375 0.121875 0.1421875
4 0.64375 0.5515625 0.134375 0.103125
4 0.46875 0.58203125 0.140625 0.1546875
4 0.434375 0.70078125 0.171875 0.1171875
4 0.459375 0.77109375 0.13125 0.1140625
4 0.584375 0.76796875 0.1125 0.1171875
4 0.66640625 0.74765625 0.1546875 0.1234375
4 0.6859375 0.67421875 0.1375 0.0828125
4 0.740625 0.7375 0.109375 0.096875
4 0.85625 0.7640625 0.2125 0.075
4 0.8890625 0.7015625 0.14375 0.140625
4 0.825 0.525 0.134375 0.10625
4 0.72734375 0.5265625 0.0921875 0.140625
4 0.9328125 0.571875 0.134375 0.125
4 0.21015625 0.54375 0.1046875 0.15
4 0.12578125 0.53984375 0.1484375 0.1109375
4 0.0515625 0.66953125 0.103125 0.0984375
4 0.10078125 0.7359375 0.1765625 0.109375