4 0.6484375 0.44296875 0.271875 0.3140625
4 0.76171875 0.24609375 0.1390625 0.2984375
4 0.4 0.39296875 0.321875 0.3421875
4 0.5796875 0.2796875 0.1625 0.203125
4 0.76171875 0.6 0.1515625 0.290625
4 0.5125 0.8015625 0.20625 0.20625
4 0.63984375 0.6984375 0.2140625 0.271875
4 0.3703125 0.8765625 0.275 0.246875
4 0.28203125 0.14453125 0.2421875 0.2484375
4 0.71875 0.12109375 0.2 0.1609375
4 0.67421875 0.04609375 0.2765625 0.0921875
4 0.4734375 0.084375 0.296875 0.16875
4 0.7453125 0.921875 0.190625 0.153125
4 0.45390625 0.52890625 0.2328125 0.2546875