4 0.43515625 0.35546875 0.3265625 0.2859375
4 0.2328125 0.25234375 0.30625 0.1546875
4 0.3984375 0.60546875 0.359375 0.3390625
4 0.27578125 0.43359375 0.2109375 0.1734375
4 0.5875 0.23359375 0.296875 0.1671875
4 0.80078125 0.47265625 0.2171875 0.2171875
4 0.68984375 0.3515625 0.2828125 0.228125
4 0.87578125 0.609375 0.2484375 0.2875
4 0.15625 0.73671875 0.259375 0.2546875
4 0.1109375 0.30234375 0.171875 0.2078125
4 0.0453125 0.3484375 0.090625 0.28125
4 0.08828125 0.54765625 0.1765625 0.3046875
4 0.90703125 0.23359375 0.1609375 0.1984375
4 0.53125 0.54453125 0.265625 0.2453125