4 0.55703125 0.57421875 0.1578125 0.1796875
4 0.8078125 0.559375 0.140625 0.16875
4 0.42109375 0.4421875 0.1484375 0.15625
4 0.25859375 0.4 0.1640625 0.121875
4 0.1609375 0.34765625 0.13125 0.1390625
4 0.24375 0.78828125 0.1625 0.1546875
4 0.48046875 0.753125 0.1484375 0.159375
4 0.38984375 0.7953125 0.1421875 0.115625
4 0.3359375 0.69609375 0.13125 0.1921875
4 0.2078125 0.6796875 0.165625 0.165625
4 0.3328125 0.55546875 0.159375 0.1640625
4 0.225 0.53984375 0.153125 0.1734375
4 0.08046875 0.58671875 0.1546875 0.1546875
4 0.12734375 0.765625 0.1171875 0.146875
4 0.6546875 0.7109375 0.1375 0.1625
4 0.596875 0.7640625 0.13125 0.13125
4 0.575 0.65078125 0.146875 0.1390625
4 0.4484375 0.6203125 0.1375 0.140625
4 0.76328125 0.74921875 0.1453125 0.1265625
4 0.79296875 0.6765625 0.2234375 0.14375
4 0.915625 0.68359375 0.084375 0.1078125
4 0.93671875 0.59375 0.1265625 0.103125
4 0.91875 0.515625 0.1625 0.115625
4 0.72265625 0.5234375 0.1046875 0.146875
4 0.646875 0.496875 0.175 0.171875
4 0.80390625 0.4171875 0.1390625 0.178125
4 0.72421875 0.359375 0.1484375 0.1875
4 0.81328125 0.3390625 0.1453125 0.159375
4 0.89375 0.2625 0.146875 0.165625
4 0.7875 0.21875 0.140625 0.175
4 0.90234375 0.16640625 0.1203125 0.0984375
4 0.6234375 0.346875 0.134375 0.134375
4 0.51953125 0.2296875 0.1421875 0.146875
4 0.4796875 0.33203125 0.16875 0.1671875
4 0.43125 0.246875 0.11875 0.159375
4 0.346875 0.32890625 0.125 0.1703125
4 0.25 0.29765625 0.146875 0.1078125
4 0.225 0.228125 0.125 0.08125