4 0.33515625 0.5 0.1859375 0.234375
4 0.5234375 0.45625 0.234375 0.25625
4 0.234375 0.3578125 0.13125 0.234375
4 0.46875 0.203125 0.2 0.225
4 0.234375 0.6140625 0.134375 0.21875
4 0.35 0.69140625 0.159375 0.2109375
4 0.253125 0.8875 0.171875 0.225
4 0.7109375 0.3828125 0.165625 0.221875
4 0.38125 0.3828125 0.11875 0.15
4 0.3046875 0.16875 0.271875 0.3375
4 0.5265625 0.8265625 0.221875 0.184375
4 0.4390625 0.7515625 0.140625 0.153125
4 0.5953125 0.26328125 0.184375 0.1859375
4 0.74609375 0.1234375 0.1765625 0.18125
4 0.7875 0.2609375 0.09375 0.21875
4 0.621875 0.053125 0.275 0.10625