4 0.5578125 0.4265625 0.159375 0.18125
4 0.809375 0.44765625 0.14375 0.1703125
4 0.41953125 0.55703125 0.1515625 0.1609375
4 0.2578125 0.59609375 0.165625 0.1234375
4 0.15859375 0.64765625 0.1328125 0.1421875
4 0.24765625 0.20859375 0.1640625 0.1578125
4 0.48359375 0.2484375 0.1515625 0.1625
4 0.3953125 0.20390625 0.14375 0.1171875
4 0.3390625 0.3015625 0.134375 0.19375
4 0.21171875 0.31484375 0.1671875 0.1671875
4 0.33359375 0.4421875 0.1609375 0.165625
4 0.225 0.45625 0.15625 0.175
4 0.0828125 0.40625 0.15625 0.15625
4 0.1328125 0.22890625 0.11875 0.1484375
4 0.65859375 0.29375 0.1390625 0.165625
4 0.6015625 0.2390625 0.134375 0.134375
4 0.5765625 0.3515625 0.146875 0.140625
4 0.45078125 0.37890625 0.1390625 0.1421875
4 0.76875 0.25625 0.146875 0.128125
4 0.7953125 0.328125 0.225 0.146875
4 0.91796875 0.32578125 0.0859375 0.1078125
4 0.9375 0.41328125 0.125 0.1046875
4 0.91796875 0.4921875 0.1640625 0.11875
4 0.7234375 0.48046875 0.10625 0.1484375
4 0.64609375 0.50625 0.1765625 0.175
4 0.803125 0.58984375 0.140625 0.1796875
4 0.72109375 0.64609375 0.1515625 0.1890625
4 0.81015625 0.6671875 0.1484375 0.1625
4 0.88984375 0.7453125 0.1484375 0.16875
4 0.7828125 0.78671875 0.14375 0.1765625
4 0.896875 0.8421875 0.121875 0.1
4 0.621875 0.6546875 0.1375 0.134375
4 0.5140625 0.77109375 0.14375 0.1484375
4 0.47578125 0.66953125 0.1703125 0.1703125
4 0.42734375 0.75234375 0.1203125 0.1609375
4 0.34375 0.66875 0.128125 0.171875
4 0.246875 0.69921875 0.146875 0.1109375
4 0.22109375 0.76796875 0.1265625 0.0828125