4 0.55546875 0.60703125 0.1421875 0.1328125
4 0.4125 0.5453125 0.16875 0.115625
4 0.35546875 0.4671875 0.1390625 0.153125
4 0.61640625 0.5015625 0.1859375 0.134375
4 0.46640625 0.48046875 0.1609375 0.1296875
4 0.53359375 0.421875 0.1703125 0.146875
4 0.34765625 0.3484375 0.1828125 0.128125
4 0.478125 0.2609375 0.16875 0.14375
4 0.60078125 0.271875 0.1453125 0.128125
4 0.68828125 0.41015625 0.1828125 0.1953125
4 0.7703125 0.31015625 0.2375 0.1765625
4 0.68359375 0.68046875 0.1453125 0.1390625
4 0.80234375 0.62109375 0.1609375 0.1234375
4 0.64765625 0.59375 0.1015625 0.14375
4 0.85234375 0.53125 0.1109375 0.140625
4 0.82109375 0.41484375 0.1515625 0.1484375
4 0.35625 0.3515625 0.184375 0.128125
4 0.1609375 0.2109375 0.178125 0.115625
4 0.21015625 0.37578125 0.1609375 0.1453125
4 0.15 0.44140625 0.15 0.1078125
4 0.09375 0.52109375 0.146875 0.1046875
4 0.26875 0.22421875 0.13125 0.1078125