4 0.56015625 0.3953125 0.1359375 0.128125
4 0.41484375 0.45234375 0.1671875 0.1078125
4 0.3546875 0.52890625 0.134375 0.1484375
4 0.61640625 0.503125 0.1796875 0.128125
4 0.465625 0.51953125 0.15625 0.1234375
4 0.5296875 0.58046875 0.165625 0.1421875
4 0.3421875 0.646875 0.178125 0.121875
4 0.46953125 0.7390625 0.1640625 0.1375
4 0.5921875 0.73203125 0.140625 0.1234375
4 0.68515625 0.59765625 0.1765625 0.1890625
4 0.7625 0.70078125 0.23125 0.1671875
4 0.68984375 0.3265625 0.1390625 0.134375
4 0.80625 0.39140625 0.15625 0.1203125
4 0.65 0.4125 0.096875 0.140625
4 0.85390625 0.48125 0.1078125 0.1375
4 0.8171875 0.59765625 0.146875 0.1421875
4 0.35078125 0.64375 0.1796875 0.121875
4 0.15078125 0.778125 0.1734375 0.109375
4 0.20625 0.61484375 0.15625 0.1421875
4 0.14921875 0.546875 0.1453125 0.103125
4 0.09453125 0.46640625 0.1421875 0.0984375
4 0.259375 0.7671875 0.128125 0.103125