3 0.7484375 0.2734375 0.20625 0.24375
3 0.62109375 0.3640625 0.1484375 0.215625
3 0.5640625 0.21015625 0.228125 0.2546875
3 0.3921875 0.30390625 0.23125 0.2796875
3 0.22421875 0.38046875 0.2171875 0.2578125
3 0.12890625 0.57734375 0.2390625 0.3140625
3 0.31484375 0.525 0.2453125 0.2625
3 0.28203125 0.74765625 0.2609375 0.3609375
3 0.440625 0.81640625 0.178125 0.2421875
3 0.4375 0.63046875 0.178125 0.2015625
3 0.5078125 0.45390625 0.221875 0.2953125
3 0.71640625 0.509375 0.2140625 0.3
3 0.58203125 0.715625 0.2140625 0.271875
3 0.5953125 0.91015625 0.196875 0.1796875
3 0.76328125 0.84296875 0.2390625 0.3140625