3 0.290625 0.76328125 0.25625 0.2203125
3 0.37421875 0.6296875 0.2234375 0.1625
3 0.21484375 0.584375 0.2671875 0.24375
3 0.29609375 0.40625 0.2921875 0.246875
3 0.3625 0.2328125 0.26875 0.23125
3 0.5515625 0.12578125 0.328125 0.2515625
3 0.51171875 0.31484375 0.2765625 0.2609375
3 0.73203125 0.26640625 0.3734375 0.2828125
3 0.81015625 0.41875 0.2515625 0.19375
3 0.6265625 0.4296875 0.2125 0.190625
3 0.45390625 0.51171875 0.3078125 0.2390625
3 0.5234375 0.7140625 0.3125 0.23125
3 0.721875 0.5671875 0.284375 0.23125
3 0.909375 0.56640625 0.18125 0.2078125
3 0.84765625 0.7390625 0.3046875 0.259375