3 0.2484375 0.28125 0.171875 0.215625
3 0.378125 0.371875 0.115625 0.19375
3 0.43125 0.21796875 0.19375 0.2203125
3 0.60625 0.3078125 0.19375 0.246875
3 0.775 0.3859375 0.18125 0.228125
3 0.875 0.58203125 0.196875 0.2796875
3 0.68671875 0.52890625 0.2078125 0.2265625
3 0.721875 0.753125 0.209375 0.325
3 0.56640625 0.82265625 0.1453125 0.2171875
3 0.56640625 0.63515625 0.1515625 0.1765625
3 0.49140625 0.459375 0.1796875 0.265625
3 0.284375 0.51640625 0.16875 0.2734375
3 0.42265625 0.721875 0.1765625 0.24375
3 0.41328125 0.91953125 0.1703125 0.1609375
3 0.240625 0.85546875 0.19375 0.2890625