3 0.6875 0.7765625 0.234375 0.196875
3 0.6125 0.63671875 0.20625 0.1390625
3 0.77265625 0.603125 0.2421875 0.21875
3 0.7046875 0.41875 0.26875 0.221875
3 0.64765625 0.24140625 0.2484375 0.2078125
3 0.465625 0.11796875 0.303125 0.2296875
3 0.49453125 0.31171875 0.2484375 0.2359375
3 0.27578125 0.25 0.3484375 0.246875
3 0.1890625 0.3953125 0.234375 0.16875
3 0.37578125 0.41953125 0.1921875 0.1703125
3 0.53984375 0.5140625 0.2859375 0.2125
3 0.459375 0.71328125 0.29375 0.2015625
3 0.2703125 0.5515625 0.2625 0.203125
3 0.08203125 0.5359375 0.1640625 0.1875
3 0.1359375 0.7140625 0.271875 0.228125