3 0.81640625 0.5921875 0.1796875 0.234375
3 0.66796875 0.69765625 0.1765625 0.2234375
3 0.809375 0.82578125 0.190625 0.2390625
3 0.67109375 0.865625 0.1578125 0.2125
3 0.5421875 0.8796875 0.159375 0.215625
3 0.4109375 0.89140625 0.184375 0.2171875
3 0.26015625 0.88125 0.1984375 0.21875
3 0.15625 0.7890625 0.18125 0.24375
3 0.12890625 0.6 0.1703125 0.2375
3 0.17578125 0.38984375 0.2078125 0.2640625
3 0.25625 0.553125 0.19375 0.253125
3 0.37265625 0.71953125 0.1796875 0.2203125
3 0.51640625 0.7140625 0.1984375 0.26875
3 0.57734375 0.540625 0.1765625 0.21875
3 0.4375 0.55859375 0.178125 0.2421875
3 0.4640625 0.3453125 0.209375 0.253125
3 0.30390625 0.26796875 0.1921875 0.2671875
3 0.4578125 0.15234375 0.21875 0.2484375
3 0.63203125 0.14609375 0.1796875 0.2390625
3 0.76328125 0.25625 0.1828125 0.253125