3 0.02734375 0.39375 0.0484375 0.1
3 0.0765625 0.415625 0.05625 0.078125
3 0.15859375 0.38828125 0.0984375 0.0984375
3 0.146875 0.48984375 0.096875 0.1140625
3 0.234375 0.515625 0.121875 0.134375
3 0.31171875 0.44453125 0.1015625 0.1015625
3 0.35390625 0.5546875 0.1203125 0.171875
3 0.215625 0.62578125 0.1125 0.1265625
3 0.4421875 0.46796875 0.103125 0.1203125
3 0.47578125 0.57109375 0.0984375 0.1578125
3 0.5375 0.65390625 0.090625 0.1203125
3 0.59609375 0.590625 0.0953125 0.1375
3 0.67109375 0.55234375 0.0921875 0.1109375
3 0.5578125 0.46953125 0.10625 0.1359375
3 0.6234375 0.41875 0.0625 0.078125
3 0.77578125 0.5109375 0.0796875 0.096875
3 0.846875 0.49609375 0.096875 0.1171875
3 0.88828125 0.37109375 0.0921875 0.1046875
3 0.940625 0.39609375 0.046875 0.0671875
3 0.975 0.4578125 0.05 0.0875
3 0.9125 0.453125 0.1 0.1
3 0.8765625 0.6203125 0.14375 0.146875