3 0.57265625 0.02109375 0.0984375 0.0421875
3 0.55546875 0.07109375 0.0765625 0.0546875
3 0.5875 0.1515625 0.096875 0.096875
3 0.48671875 0.14765625 0.1109375 0.0921875
3 0.46640625 0.23671875 0.1296875 0.1171875
3 0.54296875 0.30859375 0.0984375 0.0984375
3 0.43515625 0.3578125 0.1671875 0.115625
3 0.35546875 0.225 0.1234375 0.10625
3 0.52890625 0.43984375 0.1171875 0.0984375
3 0.42890625 0.48125 0.1546875 0.09375
3 0.34921875 0.54765625 0.1171875 0.0859375
3 0.41796875 0.60234375 0.1328125 0.0890625
3 0.46171875 0.67421875 0.1078125 0.0890625
3 0.53515625 0.55546875 0.1328125 0.1015625
3 0.58984375 0.61796875 0.0765625 0.0609375
3 0.50859375 0.77578125 0.0953125 0.0765625
3 0.52890625 0.84453125 0.1140625 0.0921875
3 0.65625 0.8796875 0.1 0.0875
3 0.634375 0.9328125 0.065625 0.046875
3 0.57578125 0.97421875 0.0859375 0.0515625
3 0.57578125 0.90859375 0.0953125 0.0953125
3 0.4078125 0.88359375 0.14375 0.1390625