0 0.7078125 0.678125 0.24375 0.209375
3 0.7359375 0.5171875 0.228125 0.1875
3 0.5125 0.52421875 0.25625 0.2453125
0 0.43203125 0.328125 0.2953125 0.2375
0 0.21875 0.28359375 0.240625 0.2671875
0 0.18671875 0.471875 0.1984375 0.20625
1 0.35 0.51953125 0.275 0.2921875
0 0.2703125 0.68359375 0.240625 0.2703125
3 0.49375 0.7203125 0.296875 0.25625
1 0.475 0.89765625 0.246875 0.2046875
4 0.8078125 0.35234375 0.259375 0.2703125
0 0.6265625 0.2359375 0.225 0.29375
0 0.45234375 0.1328125 0.2671875 0.253125