3 0.021875 0.41796875 0.04375 0.0984375
3 0.071875 0.4375 0.053125 0.075
3 0.15390625 0.40703125 0.0953125 0.0953125
3 0.146875 0.5078125 0.090625 0.109375
3 0.23671875 0.53046875 0.1171875 0.1296875
3 0.309375 0.4546875 0.096875 0.096875
3 0.35625 0.5625 0.1125 0.165625
3 0.22265625 0.640625 0.1046875 0.121875
3 0.440625 0.47109375 0.096875 0.1171875
3 0.4796875 0.571875 0.090625 0.153125
3 0.54609375 0.65234375 0.0828125 0.1140625
3 0.60078125 0.58515625 0.0890625 0.1328125
3 0.6734375 0.5421875 0.0875 0.10625
3 0.55703125 0.465625 0.0984375 0.13125
3 0.61875 0.4125 0.059375 0.075
3 0.77578125 0.49765625 0.0734375 0.0953125
3 0.84609375 0.47890625 0.0890625 0.1109375
3 0.88203125 0.35078125 0.0859375 0.0984375
3 0.93515625 0.3734375 0.0453125 0.065625
3 0.97578125 0.4328125 0.0484375 0.084375
3 0.91015625 0.43203125 0.0953125 0.0953125
3 0.88203125 0.6 0.1359375 0.140625