0 0.27265625 0.34921875 0.2234375 0.1828125
3 0.26484375 0.51328125 0.2109375 0.1609375
3 0.484375 0.478125 0.23125 0.21875
0 0.5890625 0.66328125 0.271875 0.2078125
0 0.80625 0.68125 0.2125 0.24375
0 0.81640625 0.49140625 0.1765625 0.1859375
1 0.64765625 0.46328125 0.2453125 0.2640625
0 0.70625 0.290625 0.2125 0.246875
3 0.48046875 0.28125 0.2734375 0.225
1 0.47578125 0.0953125 0.2234375 0.190625
4 0.21328125 0.684375 0.2328125 0.24375
0 0.40703125 0.778125 0.1921875 0.271875
0 0.59296875 0.86015625 0.2421875 0.2265625