3 0.2734375 0.25703125 0.221875 0.1796875
3 0.36796875 0.3828125 0.1984375 0.121875
3 0.21484375 0.44140625 0.2265625 0.2015625
3 0.3125 0.61328125 0.253125 0.2015625
3 0.3953125 0.77890625 0.234375 0.1890625
3 0.5953125 0.871875 0.2875 0.20625
3 0.53515625 0.68515625 0.2328125 0.2171875
3 0.76171875 0.71328125 0.3328125 0.2203125
3 0.82421875 0.55546875 0.2234375 0.1515625
3 0.63671875 0.5609375 0.1796875 0.15625
3 0.459375 0.4921875 0.271875 0.190625
3 0.50859375 0.284375 0.2796875 0.178125
3 0.71875 0.4140625 0.25 0.184375
3 0.915625 0.3984375 0.16875 0.175
3 0.84609375 0.228125 0.2953125 0.203125