3 0.26015625 0.5234375 0.2921875 0.2625
3 0.39453125 0.39765625 0.2359375 0.2390625
3 0.71171875 0.6453125 0.4203125 0.2875
3 0.7234375 0.503125 0.3125 0.25625
3 0.553125 0.61015625 0.25625 0.2484375
3 0.55859375 0.3015625 0.1890625 0.203125
3 0.8921875 0.3484375 0.209375 0.24375
3 0.91875 0.63984375 0.1625 0.2203125
3 0.1578125 0.69453125 0.3 0.2765625
3 0.10234375 0.51640625 0.1890625 0.2515625
3 0.140625 0.32109375 0.24375 0.1734375
3 0.07734375 0.4375 0.1546875 0.240625
3 0.41875 0.3 0.175 0.15625
3 0.82890625 0.2296875 0.1796875 0.1375
3 0.6828125 0.22421875 0.184375 0.1265625
3 0.71796875 0.32734375 0.1953125 0.1359375
3 0.93046875 0.5140625 0.1390625 0.1375
3 0.45234375 0.575 0.2953125 0.2625
3 0.5546875 0.41953125 0.1375 0.1015625