3 0.740625 0.4890625 0.2625 0.228125
3 0.59140625 0.3828125 0.2078125 0.2125
3 0.3109375 0.67421875 0.390625 0.2359375
3 0.28046875 0.534375 0.2828125 0.21875
3 0.4625 0.61640625 0.228125 0.2171875
3 0.41484375 0.3109375 0.1671875 0.18125
3 0.090625 0.40546875 0.18125 0.2203125
3 0.0859375 0.70078125 0.171875 0.1984375
3 0.86640625 0.64609375 0.2671875 0.2421875
3 0.89765625 0.4609375 0.1578125 0.23125
3 0.83203125 0.271875 0.2265625 0.14375
3 0.9234375 0.378125 0.153125 0.221875
3 0.55390625 0.29140625 0.1578125 0.1359375
3 0.1375 0.278125 0.165625 0.115625
3 0.28125 0.2515625 0.171875 0.103125
3 0.2609375 0.359375 0.18125 0.1125
3 0.06875 0.57578125 0.1375 0.1203125
3 0.55859375 0.56796875 0.2671875 0.2296875
3 0.43515625 0.428125 0.1265625 0.084375