4 0.5921875 0.42734375 0.171875 0.1640625
4 0.40390625 0.30625 0.1515625 0.15625
4 0.30234375 0.5546875 0.1765625 0.159375
4 0.4515625 0.62109375 0.15 0.1359375
4 0.36484375 0.85078125 0.1609375 0.1578125
4 0.23671875 0.675 0.1296875 0.2
4 0.2515625 0.30546875 0.190625 0.1390625
4 0.36328125 0.17734375 0.1421875 0.2046875
4 0.56328125 0.290625 0.1359375 0.16875
4 0.71171875 0.30859375 0.1671875 0.1890625
4 0.6703125 0.5453125 0.20625 0.184375
4 0.54609375 0.6890625 0.1765625 0.165625
4 0.5421875 0.54609375 0.1625 0.1671875
4 0.45 0.74140625 0.159375 0.1421875
4 0.48984375 0.8609375 0.1640625 0.153125
4 0.33515625 0.69375 0.1421875 0.178125
4 0.24296875 0.81953125 0.1703125 0.1421875
4 0.2546875 0.92734375 0.15625 0.1140625
4 0.2734375 0.065625 0.159375 0.13125
4 0.22265625 0.2234375 0.1171875 0.146875
4 0.40859375 0.071875 0.1359375 0.14375
4 0.51796875 0.11640625 0.1359375 0.1640625
4 0.746875 0.11640625 0.153125 0.1234375
4 0.73828125 0.2125 0.1734375 0.128125
4 0.64375 0.79296875 0.184375 0.1390625
4 0.59296875 0.934375 0.1359375 0.13125
4 0.72265625 0.6734375 0.1484375 0.184375
4 0.3375 0.44296875 0.1875 0.1453125
4 0.20703125 0.50390625 0.1484375 0.1578125
4 0.61171875 0.1671875 0.1421875 0.171875