4 0.4109375 0.42421875 0.165625 0.1578125
4 0.603125 0.309375 0.146875 0.15
4 0.6953125 0.56171875 0.171875 0.1546875
4 0.54453125 0.621875 0.1453125 0.13125
4 0.6234375 0.8546875 0.15625 0.153125
4 0.7578125 0.68515625 0.125 0.1984375
4 0.75546875 0.315625 0.1859375 0.134375
4 0.6484375 0.18359375 0.134375 0.2015625
4 0.44453125 0.28828125 0.1296875 0.1640625
4 0.29609375 0.30234375 0.1609375 0.1859375
4 0.32890625 0.5390625 0.2015625 0.178125
4 0.4484375 0.68671875 0.171875 0.1609375
4 0.45703125 0.54375 0.1578125 0.1625
4 0.54296875 0.74375 0.1546875 0.1375
4 0.4984375 0.86015625 0.159375 0.1453125
4 0.6578125 0.69921875 0.1375 0.1734375
4 0.746875 0.828125 0.165625 0.1375
4 0.73125 0.9359375 0.153125 0.109375
4 0.740625 0.06796875 0.153125 0.1359375
4 0.7875 0.2328125 0.1125 0.14375
4 0.60625 0.07265625 0.13125 0.1453125
4 0.49765625 0.11484375 0.1328125 0.1578125
4 0.26796875 0.1078125 0.1484375 0.11875
4 0.27265625 0.20390625 0.1703125 0.1234375
4 0.34609375 0.7890625 0.1796875 0.134375
4 0.390625 0.93359375 0.13125 0.1328125
4 0.27265625 0.665625 0.1421875 0.18125
4 0.66640625 0.4484375 0.1828125 0.140625
4 0.7921875 0.5140625 0.14375 0.153125
4 0.40078125 0.16328125 0.1390625 0.1671875