2 0.1703125 0.634375 0.175 0.121875
2 0.13125 0.278125 0.13125 0.115625
2 0.24609375 0.27578125 0.1046875 0.0796875
2 0.1515625 0.39453125 0.14375 0.1078125
2 0.2640625 0.38984375 0.0875 0.0859375
2 0.190625 0.50546875 0.115625 0.1015625
2 0.50546875 0.27109375 0.1140625 0.1015625
2 0.6203125 0.265625 0.096875 0.0875
2 0.83359375 0.26015625 0.0921875 0.0703125
2 0.415625 0.3796875 0.078125 0.075
2 0.49453125 0.38125 0.0890625 0.071875
2 0.584375 0.378125 0.0875 0.096875
2 0.83828125 0.36171875 0.1171875 0.0890625
2 0.459375 0.496875 0.10625 0.090625
2 0.27890625 0.6421875 0.0671875 0.075
2 0.33125 0.615625 0.059375 0.075
2 0.41640625 0.609375 0.1109375 0.115625
2 0.5625 0.4890625 0.10625 0.09375
2 0.6625 0.4828125 0.10625 0.10625
2 0.76015625 0.48515625 0.0921875 0.0921875
2 0.8546875 0.4828125 0.103125 0.10625
2 0.84375 0.58828125 0.121875 0.0921875
2 0.86484375 0.6828125 0.0828125 0.075
2 0.78671875 0.69375 0.0984375 0.090625
2 0.70859375 0.68984375 0.0703125 0.0734375
2 0.653125 0.7015625 0.071875 0.084375
2 0.56484375 0.71328125 0.1265625 0.1109375