2 0.178125 0.3484375 0.18125 0.13125
2 0.1203125 0.703125 0.1375 0.121875
2 0.23359375 0.71171875 0.1078125 0.0859375
2 0.14609375 0.58828125 0.1484375 0.1140625
2 0.25859375 0.59921875 0.0921875 0.0890625
2 0.19140625 0.47890625 0.1203125 0.1078125
2 0.49296875 0.7296875 0.1203125 0.109375
2 0.60859375 0.74140625 0.1015625 0.0921875
2 0.8203125 0.75859375 0.09375 0.0734375
2 0.409375 0.61640625 0.08125 0.0796875
2 0.4875 0.61796875 0.090625 0.0765625
2 0.57890625 0.62578125 0.0921875 0.1015625
2 0.83046875 0.65625 0.1234375 0.096875
2 0.46015625 0.50078125 0.1109375 0.0953125
2 0.2859375 0.346875 0.071875 0.078125
2 0.3375 0.3765625 0.0625 0.078125
2 0.421875 0.3875 0.11875 0.121875
2 0.56171875 0.51484375 0.1109375 0.0984375
2 0.66171875 0.52578125 0.1109375 0.1109375
2 0.75859375 0.52890625 0.0984375 0.0984375
2 0.85390625 0.53671875 0.1078125 0.1109375
2 0.84765625 0.43125 0.1265625 0.1
2 0.8734375 0.33671875 0.0875 0.0796875
2 0.7953125 0.32109375 0.103125 0.0953125
2 0.7171875 0.321875 0.075 0.075
2 0.66328125 0.3078125 0.0765625 0.0875
2 0.575 0.2921875 0.134375 0.11875