2 0.1375 0.315625 0.1125 0.115625
2 0.25 0.309375 0.109375 0.1125
2 0.3421875 0.31328125 0.06875 0.0921875
2 0.421875 0.3046875 0.0875 0.103125
2 0.50546875 0.296875 0.0828125 0.0875
2 0.5875 0.29921875 0.0875 0.0765625
2 0.2140625 0.42890625 0.115625 0.0953125
2 0.12578125 0.4359375 0.0765625 0.071875
2 0.4109375 0.41953125 0.1125 0.0921875
2 0.521875 0.421875 0.0875 0.090625
2 0.621875 0.4171875 0.084375 0.071875
1 0.4796875 0.528125 0.121875 0.096875
2 0.56875 0.528125 0.071875 0.08125
2 0.64140625 0.52890625 0.0828125 0.0921875
2 0.725 0.52109375 0.10625 0.1046875
2 0.803125 0.5078125 0.078125 0.09375
2 0.86640625 0.50390625 0.0671875 0.0765625
2 0.2078125 0.6578125 0.10625 0.103125
1 0.296875 0.65390625 0.075 0.0890625
2 0.38125 0.65078125 0.1125 0.1140625
2 0.48359375 0.64140625 0.1015625 0.1109375
2 0.57109375 0.6375 0.0890625 0.103125
2 0.18125 0.7453125 0.165625 0.065625
1 0.47421875 0.74453125 0.1203125 0.0734375
2 0.62109375 0.73359375 0.0984375 0.0953125
2 0.70703125 0.7296875 0.0921875 0.096875
2 0.79765625 0.72421875 0.0890625 0.1046875
2 0.8703125 0.7234375 0.0875 0.109375