2 0.57109375 0.76171875 0.1015625 0.0984375
2 0.58125 0.19296875 0.10625 0.1296875
1 0.69296875 0.16875 0.1328125 0.16875
2 0.7171875 0.2765625 0.065625 0.06875
2 0.68125 0.321875 0.078125 0.065625
2 0.6875 0.40625 0.115625 0.125
1 0.56953125 0.46015625 0.0984375 0.1109375
2 0.57734375 0.56171875 0.1109375 0.1046875
2 0.57265625 0.66328125 0.1078125 0.1078125
2 0.34921875 0.8484375 0.0671875 0.1
2 0.45859375 0.8375 0.0953125 0.14375
2 0.56796875 0.85546875 0.1015625 0.1078125
2 0.67421875 0.83359375 0.1078125 0.1203125
2 0.45234375 0.57890625 0.0828125 0.0828125
2 0.45859375 0.5 0.0734375 0.084375
2 0.45546875 0.41953125 0.0703125 0.0828125
2 0.45859375 0.26796875 0.0890625 0.1015625
2 0.45625 0.1609375 0.121875 0.1375
2 0.34609375 0.49453125 0.1078125 0.1109375
2 0.3515625 0.5890625 0.096875 0.08125
2 0.34453125 0.153125 0.0921875 0.1375
2 0.35234375 0.26640625 0.0953125 0.1078125
2 0.2453125 0.14609375 0.1 0.1859375
2 0.24453125 0.290625 0.0828125 0.115625
2 0.2546875 0.40234375 0.0875 0.1296875