2 0.79140625 0.71171875 0.0984375 0.0859375
2 0.6609375 0.715625 0.10625 0.10625
2 0.56640625 0.7171875 0.0859375 0.078125
2 0.49609375 0.72734375 0.0640625 0.0703125
2 0.42265625 0.73046875 0.0890625 0.0859375
2 0.33359375 0.7359375 0.0953125 0.075
2 0.240625 0.740625 0.10625 0.08125
2 0.1421875 0.74453125 0.084375 0.0765625
2 0.38046875 0.6265625 0.0890625 0.090625
2 0.4734375 0.61953125 0.10625 0.1078125
2 0.58125 0.6140625 0.096875 0.1
2 0.6859375 0.609375 0.1125 0.109375
2 0.78203125 0.60703125 0.0921875 0.0890625
2 0.72421875 0.4984375 0.1296875 0.103125
2 0.6125 0.5046875 0.065625 0.071875
2 0.4359375 0.50625 0.125 0.09375
2 0.33125 0.52421875 0.1 0.0796875
2 0.22890625 0.521875 0.1171875 0.11875
2 0.13359375 0.53515625 0.0859375 0.0765625
2 0.1515625 0.30390625 0.15 0.1203125
2 0.2625 0.29921875 0.071875 0.0578125
2 0.36875 0.3015625 0.078125 0.08125
1 0.125 0.41640625 0.1 0.0765625
1 0.225 0.4125 0.115625 0.1125
2 0.315625 0.4109375 0.071875 0.10625
2 0.39296875 0.409375 0.1015625 0.103125
2 0.5 0.4 0.10625 0.09375
2 0.61171875 0.4 0.0984375 0.10625
2 0.68359375 0.38984375 0.0609375 0.0765625
2 0.76953125 0.38359375 0.1203125 0.1078125
2 0.86015625 0.3796875 0.0796875 0.084375
2 0.45 0.29453125 0.071875 0.0984375
2 0.54921875 0.2796875 0.1203125 0.10625
2 0.6359375 0.28515625 0.053125 0.0578125
2 0.7421875 0.271875 0.159375 0.103125
2 0.85234375 0.26953125 0.0921875 0.0765625