2 0.865625 0.75859375 0.115625 0.0734375
2 0.7484375 0.75078125 0.140625 0.0828125
2 0.6296875 0.75078125 0.128125 0.0765625
2 0.5296875 0.7515625 0.078125 0.065625
2 0.44765625 0.7484375 0.0953125 0.065625
2 0.8703125 0.65390625 0.084375 0.0921875
2 0.77734375 0.6609375 0.1265625 0.109375
2 0.6640625 0.65625 0.1125 0.096875
2 0.578125 0.6578125 0.075 0.078125
2 0.49765625 0.653125 0.1109375 0.084375
2 0.396875 0.6578125 0.109375 0.1
2 0.25234375 0.6609375 0.1078125 0.090625
2 0.85 0.5390625 0.109375 0.10625
2 0.740625 0.53515625 0.13125 0.1140625
2 0.2625 0.54921875 0.125 0.1140625
2 0.1453125 0.5515625 0.109375 0.09375
2 0.775 0.4296875 0.09375 0.084375
2 0.6828125 0.4296875 0.10625 0.090625
2 0.8546875 0.3140625 0.090625 0.0875
2 0.396875 0.43125 0.096875 0.084375
2 0.24453125 0.4421875 0.1234375 0.115625
2 0.48828125 0.31796875 0.1359375 0.1234375
2 0.365625 0.33203125 0.11875 0.1109375
2 0.2578125 0.33046875 0.121875 0.1015625
2 0.1546875 0.33671875 0.1125 0.0953125
2 0.1609375 0.24609375 0.11875 0.0828125