2 0.61953125 0.8546875 0.0984375 0.11875
2 0.50234375 0.8453125 0.0953125 0.125
2 0.375 0.84765625 0.121875 0.1359375
2 0.2765625 0.87578125 0.06875 0.0921875
2 0.28359375 0.7578125 0.0953125 0.125
2 0.37890625 0.7375 0.1109375 0.11875
2 0.4859375 0.6859375 0.096875 0.10625
2 0.60234375 0.675 0.0984375 0.115625
2 0.60234375 0.578125 0.0921875 0.0875
2 0.603125 0.4984375 0.1 0.090625
2 0.48984375 0.59765625 0.0984375 0.0953125
2 0.38046875 0.6515625 0.0890625 0.078125
2 0.3765625 0.575 0.103125 0.09375
2 0.275 0.60234375 0.109375 0.1171875
2 0.27890625 0.5125 0.1046875 0.090625
2 0.37578125 0.49375 0.0953125 0.0875
2 0.3890625 0.41015625 0.078125 0.1078125
2 0.4859375 0.3640625 0.0625 0.075
2 0.27578125 0.3859375 0.0921875 0.084375
2 0.49296875 0.14921875 0.1140625 0.1234375
2 0.70703125 0.32734375 0.1078125 0.1046875
2 0.69453125 0.22578125 0.1140625 0.1140625
2 0.69921875 0.1375 0.0578125 0.06875