2 0.54609375 0.3421875 0.1203125 0.1125
2 0.7421875 0.7046875 0.159375 0.121875
2 0.2375 0.63671875 0.134375 0.1234375
2 0.80703125 0.49296875 0.1234375 0.1078125
2 0.8203125 0.6015625 0.165625 0.125
2 0.71640625 0.48125 0.0859375 0.09375
2 0.625 0.46796875 0.121875 0.1296875
2 0.4578125 0.33125 0.078125 0.096875
2 0.38359375 0.328125 0.0828125 0.096875
2 0.8125 0.28203125 0.128125 0.0828125
2 0.90859375 0.284375 0.0734375 0.06875
2 0.2953125 0.309375 0.115625 0.115625
2 0.21796875 0.303125 0.0890625 0.09375
2 0.1546875 0.29453125 0.0625 0.0828125
2 0.5265625 0.45390625 0.109375 0.1203125
2 0.43671875 0.44140625 0.1015625 0.1015625
2 0.52734375 0.565625 0.1140625 0.103125
2 0.409375 0.546875 0.109375 0.09375
2 0.84375 0.71796875 0.071875 0.0796875
2 0.30078125 0.528125 0.1078125 0.096875
2 0.21015625 0.52109375 0.0953125 0.1046875
2 0.13046875 0.5078125 0.0859375 0.1125
2 0.12890625 0.615625 0.1109375 0.1
2 0.4390625 0.7375 0.15 0.090625
2 0.1203125 0.70703125 0.134375 0.0921875