2 0.675 0.81484375 0.096875 0.1078125
2 0.6953125 0.6859375 0.11875 0.11875
2 0.7078125 0.5921875 0.0875 0.096875
2 0.72578125 0.52265625 0.0796875 0.0734375
2 0.7375 0.4515625 0.09375 0.096875
2 0.75546875 0.36328125 0.0859375 0.1046875
2 0.7703125 0.271875 0.09375 0.115625
2 0.7859375 0.17421875 0.084375 0.0921875
2 0.64140625 0.396875 0.1015625 0.1
2 0.621875 0.4890625 0.11875 0.11875
2 0.60390625 0.59453125 0.1109375 0.1078125
2 0.5859375 0.6984375 0.121875 0.125
2 0.57109375 0.7921875 0.0984375 0.103125
2 0.471875 0.72265625 0.11875 0.1390625
2 0.49140625 0.61328125 0.0796875 0.0734375
2 0.51484375 0.43828125 0.1078125 0.1359375
2 0.54453125 0.3359375 0.0890625 0.109375
2 0.55546875 0.23359375 0.1328125 0.1328125
2 0.5796875 0.13984375 0.084375 0.0921875
2 0.34765625 0.13046875 0.1359375 0.1640625
2 0.32890625 0.240625 0.0671875 0.078125
2 0.31875 0.3453125 0.090625 0.0875
1 0.4625 0.11796875 0.0875 0.1078125
1 0.446875 0.2171875 0.125 0.128125
2 0.43515625 0.30625 0.1140625 0.084375
2 0.4234375 0.3828125 0.115625 0.115625
2 0.4015625 0.48828125 0.10625 0.1171875
2 0.38828125 0.59765625 0.1171875 0.1109375
2 0.36875 0.66875 0.084375 0.06875
2 0.35078125 0.753125 0.1234375 0.13125
2 0.3375 0.8421875 0.09375 0.090625
2 0.30234375 0.42578125 0.1078125 0.0828125
2 0.27578125 0.521875 0.1203125 0.134375
2 0.26953125 0.609375 0.0640625 0.059375
2 0.24375 0.71328125 0.121875 0.1703125
2 0.22734375 0.82109375 0.0859375 0.0984375