2 0.53671875 0.66015625 0.1140625 0.1046875
2 0.753125 0.30859375 0.153125 0.1140625
2 0.2453125 0.34921875 0.128125 0.1171875
2 0.80625 0.52421875 0.11875 0.1046875
2 0.82578125 0.41484375 0.1609375 0.1171875
2 0.715625 0.5296875 0.08125 0.090625
2 0.62421875 0.540625 0.1171875 0.121875
2 0.4484375 0.665625 0.075 0.09375
2 0.375 0.665625 0.078125 0.09375
2 0.8015625 0.73515625 0.125 0.0765625
2 0.89609375 0.7359375 0.0703125 0.065625
2 0.2859375 0.6796875 0.109375 0.109375
2 0.2078125 0.68203125 0.084375 0.0921875
2 0.14453125 0.68828125 0.0609375 0.0796875
2 0.5234375 0.5484375 0.103125 0.115625
2 0.43359375 0.55546875 0.0953125 0.0953125
2 0.53125 0.4375 0.109375 0.096875
2 0.4125 0.4484375 0.10625 0.0875
2 0.85390625 0.3 0.0703125 0.078125
2 0.3015625 0.4625 0.103125 0.09375
2 0.2109375 0.465625 0.090625 0.1
2 0.1328125 0.4734375 0.08125 0.109375
2 0.1359375 0.365625 0.10625 0.09375
2 0.4515625 0.26015625 0.146875 0.0828125
2 0.13125 0.27421875 0.13125 0.0859375