2 0.55703125 0.68515625 0.1234375 0.1203125
2 0.5390625 0.5796875 0.1125 0.1125
2 0.54921875 0.25 0.1265625 0.096875
2 0.73203125 0.3109375 0.1515625 0.128125
2 0.521875 0.465625 0.109375 0.10625
2 0.8078125 0.521875 0.115625 0.115625
1 0.725 0.5359375 0.0875 0.1
2 0.63515625 0.55859375 0.1203125 0.1265625
2 0.46796875 0.6921875 0.0828125 0.09375
2 0.403125 0.71328125 0.096875 0.1046875
2 0.315625 0.73046875 0.121875 0.1296875
2 0.23828125 0.74296875 0.0921875 0.0953125
2 0.17265625 0.7546875 0.0828125 0.0875
2 0.425 0.58828125 0.11875 0.1109375
2 0.41875 0.47734375 0.115625 0.1140625
2 0.82109375 0.41328125 0.1734375 0.1328125
2 0.42109375 0.271875 0.1546875 0.10625
2 0.303125 0.50625 0.1125 0.1125
2 0.2140625 0.52421875 0.10625 0.1171875
2 0.13515625 0.54921875 0.0984375 0.1140625
2 0.13125 0.4359375 0.109375 0.10625
2 0.23671875 0.4109375 0.1328125 0.121875
2 0.3125 0.29765625 0.11875 0.1234375
2 0.215625 0.31484375 0.121875 0.1203125
2 0.12109375 0.33125 0.1359375 0.1375