2 0.7984375 0.7015625 0.103125 0.0875
2 0.66875 0.7109375 0.109375 0.109375
2 0.5734375 0.715625 0.090625 0.08125
2 0.503125 0.72734375 0.06875 0.0734375
2 0.4296875 0.7328125 0.090625 0.0875
2 0.34140625 0.7421875 0.0984375 0.078125
2 0.25 0.75 0.109375 0.084375
2 0.1515625 0.75625 0.0875 0.078125
2 0.38515625 0.63125 0.0921875 0.09375
2 0.478125 0.6203125 0.109375 0.109375
2 0.5859375 0.6109375 0.1 0.103125
2 0.690625 0.603125 0.115625 0.1125
2 0.78515625 0.59609375 0.0953125 0.0921875
2 0.7234375 0.49140625 0.13125 0.1078125
2 0.6125 0.50078125 0.06875 0.0734375
2 0.4359375 0.50859375 0.128125 0.0984375
2 0.3328125 0.5296875 0.103125 0.08125
2 0.22890625 0.53203125 0.1234375 0.1234375
2 0.13515625 0.54765625 0.0890625 0.0796875
2 0.14453125 0.31640625 0.1546875 0.1234375
2 0.25546875 0.3078125 0.0734375 0.0625
2 0.3625 0.30625 0.08125 0.084375
1 0.1234375 0.4296875 0.103125 0.078125
1 0.221875 0.42265625 0.11875 0.1171875
2 0.3125 0.4171875 0.075 0.109375
2 0.38984375 0.4140625 0.1046875 0.10625
2 0.496875 0.4 0.109375 0.096875
2 0.6078125 0.396875 0.1 0.109375
2 0.6796875 0.38359375 0.0625 0.0796875
2 0.765625 0.37421875 0.121875 0.1140625
2 0.85546875 0.3671875 0.0828125 0.0875
2 0.44375 0.2953125 0.075 0.103125
2 0.540625 0.27890625 0.125 0.1109375
2 0.62890625 0.28046875 0.0546875 0.0578125
2 0.734375 0.2640625 0.1625 0.109375
2 0.84296875 0.25703125 0.0953125 0.0796875