2 0.653125 0.1234375 0.125 0.121875
2 0.66875 0.234375 0.121875 0.11875
2 0.6734375 0.32734375 0.1 0.0765625
2 0.68828125 0.40625 0.1109375 0.096875
2 0.703125 0.48671875 0.09375 0.0921875
2 0.70859375 0.5703125 0.0859375 0.09375
2 0.546875 0.20859375 0.103125 0.1234375
2 0.53125 0.121875 0.078125 0.08125
2 0.5734375 0.40390625 0.103125 0.1203125
2 0.58046875 0.51484375 0.0984375 0.0953125
2 0.59296875 0.6140625 0.0796875 0.090625
1 0.47109375 0.48203125 0.1078125 0.1296875
2 0.478125 0.571875 0.0875 0.078125
2 0.484375 0.64296875 0.1 0.0890625
2 0.5 0.72578125 0.1125 0.1140625
2 0.51875 0.80234375 0.1 0.0859375
2 0.5296875 0.865625 0.08125 0.075
2 0.3171875 0.22265625 0.1125 0.1140625
1 0.33046875 0.31171875 0.0953125 0.0828125
2 0.340625 0.3953125 0.121875 0.121875
2 0.359375 0.49609375 0.11875 0.1109375
2 0.36953125 0.5828125 0.1109375 0.1
2 0.22890625 0.20390625 0.0796875 0.1703125
1 0.2546875 0.49453125 0.084375 0.1265625
2 0.2796875 0.640625 0.103125 0.10625
2 0.28984375 0.7265625 0.1046875 0.1
2 0.30390625 0.815625 0.1109375 0.096875
2 0.31015625 0.8890625 0.1171875 0.096875