2 0.14375 0.27890625 0.178125 0.1109375
2 0.27890625 0.26796875 0.1078125 0.0921875
2 0.3953125 0.2734375 0.125 0.10625
2 0.14375 0.38515625 0.1375 0.0921875
2 0.25546875 0.38671875 0.1046875 0.0828125
2 0.4875 0.3734375 0.109375 0.096875
2 0.584375 0.371875 0.0875 0.08125
2 0.83515625 0.35703125 0.1109375 0.0671875
2 0.8421875 0.4625 0.115625 0.084375
2 0.5828125 0.47890625 0.09375 0.0859375
2 0.49609375 0.48046875 0.0828125 0.0765625
2 0.41796875 0.48515625 0.0796875 0.0828125
2 0.27734375 0.49296875 0.0890625 0.0921875
2 0.1671875 0.51328125 0.125 0.1234375
2 0.21640625 0.62109375 0.1234375 0.0921875
2 0.175 0.728125 0.165625 0.10625
2 0.2875 0.75546875 0.065625 0.0484375
2 0.328125 0.7125 0.059375 0.0625
2 0.409375 0.7140625 0.1125 0.10625
2 0.46953125 0.6 0.0984375 0.0875
2 0.56796875 0.596875 0.1078125 0.103125
2 0.6703125 0.5796875 0.109375 0.1
2 0.7640625 0.58828125 0.09375 0.1015625
2 0.8546875 0.57734375 0.103125 0.1078125
2 0.85 0.68203125 0.10625 0.1015625