2 0.15859375 0.72109375 0.1234375 0.1265625
2 0.27109375 0.71640625 0.1203125 0.1234375
2 0.3625 0.703125 0.078125 0.1
2 0.44296875 0.70234375 0.0984375 0.1109375
2 0.5265625 0.70234375 0.09375 0.0953125
2 0.60859375 0.6921875 0.0953125 0.0875
2 0.2234375 0.60234375 0.125 0.1046875
2 0.134375 0.60390625 0.084375 0.0796875
2 0.4203125 0.58984375 0.121875 0.1046875
2 0.5296875 0.5765625 0.096875 0.1
2 0.63046875 0.56953125 0.0921875 0.0796875
1 0.4765625 0.475 0.13125 0.109375
2 0.56640625 0.46484375 0.0796875 0.0890625
2 0.6375 0.45703125 0.090625 0.1015625
2 0.72265625 0.45703125 0.1171875 0.1140625
2 0.8015625 0.46015625 0.0875 0.1015625
2 0.86328125 0.45859375 0.0765625 0.0828125
2 0.19296875 0.37421875 0.1171875 0.1140625
1 0.2828125 0.36953125 0.084375 0.0953125
2 0.36640625 0.36328125 0.1234375 0.1234375
2 0.46796875 0.36171875 0.1140625 0.1234375
2 0.55546875 0.35625 0.1015625 0.1125
2 0.1578125 0.28984375 0.171875 0.0828125
1 0.44921875 0.26015625 0.1265625 0.0859375
2 0.5953125 0.25625 0.10625 0.10625
2 0.68125 0.25 0.103125 0.10625
2 0.77265625 0.24765625 0.0984375 0.1109375
2 0.84609375 0.23984375 0.0984375 0.1171875