2 0.3 0.1234375 0.09375 0.1
2 0.2953125 0.2125 0.103125 0.10625
2 0.2984375 0.31640625 0.121875 0.1296875
2 0.37890625 0.63984375 0.0890625 0.0796875
2 0.284375 0.48125 0.109375 0.103125
2 0.5171875 0.16875 0.146875 0.16875
2 0.29375 0.40390625 0.08125 0.0703125
2 0.50859375 0.27578125 0.0859375 0.0640625
1 0.51328125 0.3359375 0.0765625 0.065625
1 0.50546875 0.42265625 0.1171875 0.1265625
2 0.6375 0.1765625 0.10625 0.1375
2 0.76015625 0.17890625 0.1203125 0.1453125
2 0.7390625 0.2921875 0.096875 0.096875
2 0.734375 0.42265625 0.0875 0.0859375
2 0.72265625 0.51875 0.0734375 0.090625
2 0.7203125 0.60234375 0.09375 0.0953125
2 0.70390625 0.85703125 0.0953125 0.1140625
2 0.61640625 0.46953125 0.0984375 0.1015625
2 0.61484375 0.56796875 0.1140625 0.1140625
2 0.59921875 0.67265625 0.1140625 0.1234375
2 0.6015625 0.76640625 0.090625 0.1046875
2 0.59453125 0.8625 0.0984375 0.1125
2 0.49453125 0.84609375 0.1046875 0.1328125
2 0.3828125 0.69921875 0.090625 0.0765625
2 0.3890625 0.5515625 0.109375 0.134375
1 0.378125 0.7734375 0.096875 0.1
2 0.3796875 0.8484375 0.090625 0.08125
2 0.28671875 0.59453125 0.0921875 0.1140625