2 0.14609375 0.7390625 0.0921875 0.084375
2 0.23671875 0.734375 0.0953125 0.09375
2 0.33828125 0.72109375 0.1171875 0.1109375
2 0.65234375 0.60625 0.0734375 0.08125
2 0.50390625 0.7171875 0.0921875 0.1
2 0.16875 0.5171875 0.15625 0.13125
2 0.425 0.715625 0.0625 0.075
2 0.2765625 0.51640625 0.05625 0.0796875
1 0.33515625 0.50546875 0.0578125 0.0703125
1 0.421875 0.50390625 0.115625 0.1078125
2 0.16484375 0.39765625 0.1296875 0.0921875
2 0.153125 0.275 0.134375 0.10625
2 0.26875 0.28515625 0.0875 0.0890625
2 0.3984375 0.27578125 0.078125 0.0796875
2 0.49609375 0.27734375 0.0859375 0.0671875
2 0.57890625 0.27109375 0.0859375 0.0859375
2 0.8328125 0.26171875 0.10625 0.0828125
2 0.45859375 0.38828125 0.0921875 0.0890625
2 0.55546875 0.38046875 0.1015625 0.1015625
2 0.6609375 0.384375 0.1125 0.103125
2 0.75546875 0.371875 0.0953125 0.08125
2 0.85078125 0.36875 0.1046875 0.0875
2 0.84453125 0.47109375 0.1234375 0.0921875
2 0.71015625 0.596875 0.0671875 0.084375
2 0.5625 0.60546875 0.125 0.0984375
1 0.784375 0.59375 0.090625 0.0875
2 0.86015625 0.58359375 0.0734375 0.0828125
2 0.61640625 0.703125 0.1078125 0.08125