2 0.88203125 0.6453125 0.1734375 0.1375
2 0.84609375 0.41171875 0.1078125 0.0859375
2 0.821875 0.30625 0.1375 0.103125
2 0.67578125 0.44296875 0.1296875 0.1109375
2 0.68515625 0.32421875 0.1078125 0.1078125
2 0.60078125 0.2453125 0.0921875 0.084375
2 0.5234375 0.2546875 0.090625 0.090625
2 0.5703125 0.3515625 0.09375 0.0875
2 0.57890625 0.46953125 0.0984375 0.1015625
2 0.49609375 0.4796875 0.0890625 0.10625
2 0.3328125 0.61953125 0.1125 0.0984375
2 0.2328125 0.628125 0.125 0.121875
2 0.153125 0.64609375 0.065625 0.0640625
2 0.44453125 0.265625 0.0953125 0.084375
2 0.36875 0.28359375 0.10625 0.0921875
2 0.31484375 0.40625 0.0671875 0.075
2 0.13515625 0.43828125 0.1359375 0.1171875