2 0.85234375 0.271875 0.1796875 0.115625
2 0.71875 0.2640625 0.109375 0.09375
2 0.60078125 0.27265625 0.1265625 0.1078125
2 0.85390625 0.378125 0.1390625 0.096875
2 0.74375 0.3828125 0.10625 0.084375
2 0.51015625 0.37421875 0.1109375 0.0984375
2 0.41328125 0.37421875 0.0890625 0.0828125
2 0.16328125 0.36171875 0.1140625 0.0703125
2 0.15703125 0.46953125 0.1171875 0.0859375
2 0.41796875 0.48046875 0.0953125 0.0890625
2 0.5046875 0.4796875 0.084375 0.078125
2 0.58359375 0.48359375 0.0796875 0.0828125
2 0.72421875 0.48828125 0.0921875 0.0921875
2 0.83359375 0.50703125 0.1265625 0.1265625
2 0.7875 0.615625 0.125 0.09375
2 0.82890625 0.7234375 0.1671875 0.109375
2 0.71796875 0.7515625 0.0671875 0.05
2 0.67578125 0.71015625 0.0609375 0.0640625
2 0.59453125 0.71328125 0.1140625 0.1078125
2 0.53359375 0.59921875 0.1015625 0.0890625
2 0.43515625 0.59765625 0.1109375 0.1046875
2 0.33203125 0.58359375 0.1109375 0.1015625
2 0.23828125 0.59296875 0.0953125 0.1015625
2 0.14765625 0.58359375 0.1046875 0.1109375
2 0.15390625 0.68828125 0.1078125 0.1015625