2 0.3890625 0.83828125 0.134375 0.1828125
2 0.746875 0.85234375 0.125 0.1390625
2 0.74296875 0.7390625 0.0890625 0.109375
2 0.63046875 0.83984375 0.1171875 0.1515625
2 0.628125 0.728125 0.090625 0.09375
2 0.51796875 0.809375 0.1109375 0.121875
2 0.72890625 0.4796875 0.1109375 0.121875
2 0.7265625 0.3640625 0.09375 0.103125
2 0.7171875 0.15234375 0.075 0.0953125
2 0.62578125 0.57578125 0.0796875 0.0828125
2 0.61875 0.49765625 0.078125 0.0921875
2 0.615625 0.4078125 0.103125 0.09375
2 0.615625 0.15390625 0.096875 0.1234375
2 0.50703125 0.540625 0.0984375 0.1125
2 0.37421875 0.73203125 0.0796875 0.0734375
2 0.39609375 0.67734375 0.0796875 0.0640625
2 0.39765625 0.59296875 0.1234375 0.1203125
2 0.50703125 0.4375 0.1015625 0.1125
2 0.50546875 0.33671875 0.1140625 0.1140625
2 0.49765625 0.23984375 0.0984375 0.0984375
2 0.4921875 0.14609375 0.1125 0.1109375
2 0.3890625 0.1640625 0.1 0.128125
2 0.2921875 0.14921875 0.08125 0.0890625
2 0.2875 0.22890625 0.096875 0.1046875
2 0.296875 0.30625 0.078125 0.075
2 0.28828125 0.3609375 0.0890625 0.078125
2 0.284375 0.4515625 0.11875 0.134375