2 0.7640625 0.55625 0.09375 0.096875
2 0.196875 0.59765625 0.125 0.1015625
1 0.17890625 0.709375 0.1640625 0.125
2 0.2875 0.72890625 0.065625 0.0640625
2 0.33125 0.690625 0.0625 0.075
2 0.41640625 0.69296875 0.1203125 0.1078125
1 0.4640625 0.57265625 0.10625 0.0921875
2 0.56640625 0.5734375 0.0984375 0.10625
2 0.66796875 0.56484375 0.1015625 0.1015625
2 0.8390625 0.33125 0.096875 0.0625
2 0.83515625 0.440625 0.1390625 0.0875
2 0.85859375 0.54921875 0.1015625 0.0984375
2 0.8421875 0.65703125 0.115625 0.1015625
2 0.57734375 0.4484375 0.0765625 0.078125
2 0.496875 0.4578125 0.08125 0.06875
2 0.41796875 0.459375 0.0796875 0.065625
2 0.265625 0.47109375 0.096875 0.0859375
2 0.16015625 0.4734375 0.1328125 0.115625
2 0.4859375 0.346875 0.10625 0.103125
2 0.58203125 0.346875 0.0765625 0.09375
2 0.14609375 0.36328125 0.1328125 0.0859375
2 0.25859375 0.36484375 0.1015625 0.0890625
2 0.1328125 0.26484375 0.18125 0.0890625
2 0.2765625 0.25703125 0.1125 0.0765625
2 0.3890625 0.26015625 0.125 0.0796875