2 0.13828125 0.40625 0.1109375 0.090625
2 0.15703125 0.52265625 0.1171875 0.0859375
2 0.1625 0.65 0.128125 0.1125
2 0.140625 0.75 0.0875 0.0625
2 0.2578125 0.734375 0.11875 0.0875
2 0.271875 0.6375 0.1125 0.103125
2 0.31640625 0.528125 0.1015625 0.090625
2 0.31875 0.41171875 0.109375 0.0890625
2 0.415625 0.40390625 0.08125 0.0859375
2 0.49609375 0.39765625 0.0859375 0.0921875
2 0.40390625 0.51796875 0.0890625 0.0921875
2 0.3578125 0.63046875 0.071875 0.0859375
2 0.43515625 0.628125 0.0890625 0.096875
2 0.41484375 0.73203125 0.1109375 0.1015625
2 0.503125 0.72265625 0.084375 0.0984375
2 0.515625 0.6234375 0.08125 0.090625
2 0.59921875 0.60546875 0.1046875 0.0703125
2 0.6375 0.50546875 0.071875 0.0578125
2 0.63046875 0.71640625 0.0765625 0.0859375
2 0.8515625 0.4828125 0.115625 0.10625
2 0.65859375 0.28203125 0.0984375 0.1015625
2 0.7609375 0.28828125 0.10625 0.1078125
2 0.84921875 0.27734375 0.0640625 0.0546875