2 0.1265625 0.25546875 0.1125 0.0703125
2 0.24453125 0.25859375 0.1359375 0.0765625
2 0.36328125 0.2546875 0.1265625 0.071875
2 0.46328125 0.25 0.0765625 0.0625
2 0.54453125 0.25078125 0.0921875 0.0609375
2 0.12578125 0.36015625 0.0828125 0.0890625
2 0.21796875 0.35078125 0.1234375 0.1046875
2 0.33125 0.35078125 0.109375 0.0921875
2 0.4171875 0.3453125 0.071875 0.075
2 0.49765625 0.346875 0.1078125 0.08125
2 0.5984375 0.3390625 0.10625 0.096875
2 0.74296875 0.33203125 0.1046875 0.0890625
2 0.15 0.47421875 0.10625 0.1015625
2 0.259375 0.47421875 0.128125 0.1109375
2 0.7359375 0.44296875 0.121875 0.1109375
2 0.85390625 0.4359375 0.1046875 0.090625
2 0.228125 0.5796875 0.090625 0.08125
2 0.3203125 0.5765625 0.103125 0.0875
2 0.15390625 0.6984375 0.0890625 0.084375
2 0.60703125 0.565625 0.0921875 0.08125
2 0.75859375 0.55078125 0.1203125 0.1109375
2 0.51953125 0.68203125 0.1296875 0.1203125
2 0.640625 0.6640625 0.115625 0.10625
2 0.7484375 0.66171875 0.11875 0.0984375
2 0.8515625 0.65234375 0.109375 0.0921875
2 0.8484375 0.7421875 0.115625 0.078125