2 0.8265625 0.76328125 0.190625 0.1328125
2 0.69296875 0.7578125 0.1171875 0.103125
2 0.5765625 0.73828125 0.1375 0.1203125
2 0.83984375 0.65859375 0.1484375 0.1078125
2 0.7296875 0.64375 0.1125 0.096875
2 0.49765625 0.628125 0.1203125 0.109375
2 0.4015625 0.6171875 0.096875 0.090625
2 0.1515625 0.6015625 0.11875 0.08125
2 0.15625 0.49609375 0.125 0.0984375
2 0.415625 0.51171875 0.103125 0.0984375
2 0.503125 0.521875 0.09375 0.0875
2 0.58125 0.5265625 0.0875 0.090625
2 0.72109375 0.53515625 0.1015625 0.1015625
2 0.83203125 0.528125 0.1390625 0.1375
2 0.796875 0.41640625 0.134375 0.1046875
2 0.85078125 0.3140625 0.1765625 0.125
2 0.74296875 0.27421875 0.0703125 0.0546875
2 0.69765625 0.3109375 0.0671875 0.06875
2 0.6171875 0.2984375 0.125 0.11875
2 0.54375 0.40546875 0.109375 0.0984375
2 0.4453125 0.3953125 0.121875 0.115625
2 0.34140625 0.4 0.1203125 0.1125
2 0.24921875 0.38203125 0.1046875 0.1109375
2 0.1578125 0.38125 0.115625 0.121875
2 0.17578125 0.27734375 0.1171875 0.1140625