2 0.39375 0.859375 0.09375 0.115625
2 0.51015625 0.8453125 0.0921875 0.121875
2 0.63828125 0.8421875 0.1171875 0.13125
2 0.7375 0.86796875 0.065625 0.0890625
2 0.72578125 0.75 0.0921875 0.121875
2 0.6296875 0.7328125 0.10625 0.115625
2 0.521875 0.68515625 0.09375 0.1046875
2 0.40546875 0.678125 0.0921875 0.1125
2 0.4 0.58125 0.090625 0.084375
2 0.396875 0.5015625 0.096875 0.0875
2 0.5140625 0.5984375 0.09375 0.090625
2 0.625 0.646875 0.0875 0.075
2 0.6265625 0.5703125 0.1 0.090625
2 0.72890625 0.59453125 0.1046875 0.1140625
2 0.721875 0.5046875 0.103125 0.0875
2 0.625 0.4890625 0.09375 0.084375
2 0.60859375 0.40546875 0.0734375 0.1078125
2 0.509375 0.36328125 0.0625 0.0734375
2 0.72109375 0.37890625 0.0890625 0.0796875
2 0.49609375 0.1484375 0.1109375 0.11875
2 0.2875 0.334375 0.103125 0.1
2 0.296875 0.2328125 0.109375 0.109375
2 0.28984375 0.14453125 0.0546875 0.0671875