2 0.46953125 0.33984375 0.1109375 0.1015625
2 0.240625 0.68359375 0.15 0.1078125
2 0.75078125 0.659375 0.1265625 0.1125
2 0.1953125 0.46640625 0.115625 0.0984375
2 0.17265625 0.5734375 0.1578125 0.1125
2 0.28671875 0.4625 0.0796875 0.0875
2 0.378125 0.45703125 0.1125 0.1203125
2 0.55859375 0.3359375 0.0703125 0.090625
2 0.63203125 0.3390625 0.0765625 0.090625
2 0.20859375 0.2546875 0.1203125 0.071875
2 0.11328125 0.25 0.0671875 0.0625
2 0.7203125 0.328125 0.10625 0.10625
2 0.7984375 0.32890625 0.08125 0.0890625
2 0.86328125 0.325 0.0578125 0.078125
2 0.47890625 0.4515625 0.1015625 0.1125
2 0.56953125 0.44765625 0.0921875 0.0921875
2 0.4671875 0.56328125 0.10625 0.0921875
2 0.58671875 0.5546875 0.1046875 0.084375
2 0.13984375 0.68828125 0.0671875 0.0765625
2 0.696875 0.54609375 0.1 0.0890625
2 0.7875 0.5453125 0.0875 0.096875
2 0.86796875 0.5390625 0.0765625 0.10625
2 0.859375 0.646875 0.103125 0.090625
2 0.540625 0.7421875 0.14375 0.078125
2 0.8609375 0.7390625 0.128125 0.08125