4 0.21015625 0.5046875 0.2296875 0.2125
4 0.8171875 0.234375 0.184375 0.178125
4 0.50546875 0.440625 0.1828125 0.16875
4 0.7671875 0.4046875 0.20625 0.165625
4 0.3484375 0.4328125 0.171875 0.20625
4 0.665625 0.2203125 0.15 0.15625
4 0.5453125 0.303125 0.16875 0.16875
4 0.246875 0.346875 0.165625 0.19375
4 0.3984375 0.275 0.1875 0.175
4 0.2515625 0.6859375 0.175 0.190625
4 0.196875 0.2046875 0.18125 0.140625
4 0.6203125 0.5 0.16875 0.140625
4 0.9265625 0.6578125 0.146875 0.171875
4 0.43125 0.55390625 0.165625 0.1296875
4 0.70625 0.6796875 0.190625 0.153125
4 0.90234375 0.34921875 0.1609375 0.1828125
4 0.9546875 0.50546875 0.090625 0.2796875
4 0.1 0.38125 0.15625 0.171875
4 0.84140625 0.5046875 0.1765625 0.13125
4 0.5203125 0.65078125 0.1375 0.1703125
4 0.784375 0.60859375 0.1375 0.1578125
4 0.065625 0.51015625 0.13125 0.1921875
4 0.31875 0.58671875 0.11875 0.1453125
4 0.6390625 0.34765625 0.125 0.1671875
4 0.39140625 0.67109375 0.1421875 0.1546875
4 0.95390625 0.24921875 0.0921875 0.1921875
4 0.83203125 0.7703125 0.1828125 0.0875
4 0.61484375 0.7671875 0.1484375 0.1125
4 0.46875 0.75703125 0.11875 0.1203125
4 0.93671875 0.771875 0.1203125 0.09375
4 0.0828125 0.721875 0.165625 0.15625
4 0.95390625 0.26015625 0.0921875 0.1515625