2 0.359375 0.2953125 0.11875 0.11875
2 0.5609375 0.51953125 0.134375 0.1171875
2 0.8296875 0.7515625 0.15625 0.13125
2 0.71328125 0.74375 0.0765625 0.071875
4 0.86953125 0.6390625 0.1109375 0.096875
4 0.765625 0.6390625 0.125 0.121875
2 0.67578125 0.6390625 0.0796875 0.128125
2 0.6109375 0.7453125 0.078125 0.0875
2 0.53828125 0.740625 0.0890625 0.096875
2 0.44140625 0.73359375 0.1296875 0.0984375
2 0.34375 0.72734375 0.059375 0.0703125
2 0.240625 0.71796875 0.15625 0.0953125
2 0.1296875 0.7125 0.078125 0.078125
2 0.5921875 0.6265625 0.109375 0.115625
2 0.4921875 0.621875 0.11875 0.115625
2 0.3890625 0.61796875 0.103125 0.1234375
2 0.31640625 0.6140625 0.0671875 0.096875
2 0.22578125 0.6171875 0.1296875 0.11875
2 0.13671875 0.6078125 0.0890625 0.096875
2 0.3796875 0.5125 0.078125 0.075
2 0.284375 0.51171875 0.134375 0.1328125
2 0.25234375 0.29609375 0.0953125 0.0984375
2 0.22265625 0.3984375 0.1109375 0.1
2 0.32421875 0.41015625 0.1296875 0.1046875
2 0.434375 0.40859375 0.1125 0.1171875
2 0.53828125 0.4171875 0.1140625 0.1125
2 0.63359375 0.415625 0.0859375 0.090625
2 0.45234375 0.3 0.0890625 0.096875
2 0.521875 0.30078125 0.071875 0.0828125
2 0.6 0.30234375 0.1 0.1109375
2 0.6859375 0.30234375 0.096875 0.0859375
2 0.7765625 0.30078125 0.10625 0.1078125
2 0.86953125 0.30546875 0.0953125 0.1046875
2 0.6703125 0.52734375 0.10625 0.0953125
2 0.77578125 0.52734375 0.1328125 0.1140625
1 0.87109375 0.525 0.0765625 0.090625