2 0.309375 0.478125 0.109375 0.1125
2 0.415625 0.4765625 0.103125 0.103125
2 0.73828125 0.40859375 0.0859375 0.1203125
2 0.64609375 0.2390625 0.1140625 0.140625
2 0.53125 0.4734375 0.096875 0.1
2 0.4265625 0.2015625 0.10625 0.10625
1 0.42578125 0.2859375 0.0921875 0.078125
2 0.41875 0.378125 0.115625 0.109375
2 0.31640625 0.565625 0.0859375 0.075
2 0.3078125 0.634375 0.096875 0.0875
2 0.30625 0.72265625 0.11875 0.1109375
2 0.3078125 0.8015625 0.0875 0.084375
2 0.30625 0.8671875 0.08125 0.075
2 0.4265625 0.590625 0.1 0.109375
2 0.5375 0.5765625 0.103125 0.10625
2 0.53125 0.16875 0.115625 0.1625
2 0.73984375 0.5390625 0.0921875 0.146875
2 0.5296875 0.696875 0.103125 0.103125
2 0.5265625 0.7875 0.109375 0.096875
2 0.515625 0.86875 0.10625 0.0875
2 0.628125 0.853125 0.096875 0.1
2 0.63359375 0.74375 0.1109375 0.121875
2 0.7328125 0.65078125 0.1125 0.1078125
2 0.7328125 0.74921875 0.109375 0.1109375
2 0.73359375 0.84453125 0.1265625 0.1265625