0 0.7984375 0.171875 0.22890625 0.30703125
0 0.73828125 0.459375 0.20234375 0.20625
2 0.4484375 0.5375 0.1921875 0.22890625
2 0.18359375 0.22890625 0.19765625 0.309375
2 0.221875 0.528125 0.18984375 0.34375
2 0.3484375 0.13125 0.12890625 0.1890625
2 0.45546875 0.240625 0.17578125 0.2140625
2 0.5890625 0.18359375 0.18828125 0.1984375
2 0.58515625 0.32578125 0.1265625 0.1890625
2 0.85 0.45078125 0.0953125 0.2234375
2 0.91015625 0.7203125 0.12734375 0.19140625
2 0.7828125 0.63671875 0.21875 0.23125
2 0.609375 0.60546875 0.1671875 0.41015625
2 0.31796875 0.71484375 0.20390625 0.165625
2 0.0984375 0.7765625 0.13984375 0.225
2 0.18203125 0.84296875 0.2125 0.1390625