4 0.74453125 0.5390625 0.18984375 0.24375
4 0.8953125 0.6171875 0.16171875 0.21875
4 0.82890625 0.30859375 0.14375 0.253125
4 0.61640625 0.28515625 0.17421875 0.25078125
4 0.63359375 0.09921875 0.18515625 0.1609375
4 0.16796875 0.28515625 0.13125 0.2171875
4 0.22734375 0.5953125 0.14921875 0.209375
4 0.1328125 0.8328125 0.1484375 0.2375
4 0.0609375 0.23671875 0.11953125 0.215625
4 0.07109375 0.07734375 0.13359375 0.15390625
4 0.3015625 0.08359375 0.12265625 0.1671875
4 0.49609375 0.14921875 0.15390625 0.19140625
4 0.7953125 0.10625 0.1640625 0.21171875
4 0.95703125 0.25390625 0.0859375 0.2421875
2 0.55390625 0.4859375 0.18671875 0.18359375
2 0.79453125 0.84921875 0.1546875 0.2
2 0.36328125 0.7875 0.1296875 0.17578125
2 0.4296875 0.91875 0.12421875 0.1625
2 0.2796875 0.9265625 0.1640625 0.14609375
4 0.33515625 0.225 0.13046875 0.2171875
2 0.58125 0.72734375 0.14609375 0.2734375