2 0.34921875 0.61796875 0.29453125 0.34609375
2 0.1953125 0.40703125 0.17578125 0.24375
2 0.52890625 0.253125 0.13125 0.2640625
2 0.6640625 0.40546875 0.1140625 0.24609375
4 0.7515625 0.5875 0.16171875 0.2203125
2 0.490625 0.78828125 0.1734375 0.19921875
2 0.3015625 0.28359375 0.128125 0.215625
2 0.41953125 0.32421875 0.13359375 0.2234375
2 0.125 0.14296875 0.12734375 0.1359375
2 0.7640625 0.1578125 0.11875 0.1765625
2 0.91640625 0.28359375 0.12109375 0.24453125
2 0.76953125 0.40546875 0.11171875 0.14140625
2 0.87265625 0.55390625 0.1625 0.20078125
2 0.575 0.58359375 0.178125 0.21015625
2 0.790625 0.7734375 0.1734375 0.19921875
2 0.1140625 0.7375 0.18515625 0.2015625
2 0.12578125 0.5734375 0.16171875 0.1625
2 0.05546875 0.34609375 0.1046875 0.16015625
2 0.3578125 0.12109375 0.134375 0.16640625