0 0.27578125 0.59375 0.2796875 0.221875
0 0.5828125 0.76328125 0.13984375 0.153125
2 0.55 0.521875 0.18203125 0.31640625
2 0.41640625 0.26640625 0.1265625 0.128125
2 0.15390625 0.1484375 0.1515625 0.24375
2 0.2109375 0.428125 0.1046875 0.21328125
2 0.11484375 0.5578125 0.10859375 0.13125
2 0.10625 0.4453125 0.084375 0.128125
0 0.1265625 0.31640625 0.12265625 0.121875
2 0.30078125 0.84296875 0.12578125 0.1890625
2 0.3953125 0.7875 0.13984375 0.15234375
2 0.19765625 0.86796875 0.1171875 0.1375
2 0.715625 0.409375 0.11015625 0.21015625
2 0.79296875 0.50390625 0.10703125 0.20078125
2 0.80546875 0.66171875 0.1140625 0.128125
2 0.77578125 0.134375 0.21328125 0.18359375
2 0.39375 0.10546875 0.078125 0.12578125
2 0.53671875 0.1953125 0.1265625 0.2046875
2 0.6125 0.0984375 0.153125 0.1390625
2 0.65859375 0.8625 0.11328125 0.1484375
2 0.55546875 0.86796875 0.12109375 0.0875
2 0.19765625 0.75546875 0.09375 0.11875
2 0.07109375 0.79140625 0.0859375 0.1125