2 0.1109375 0.12734375 0.15234375 0.20859375
2 0.24375 0.12421875 0.1125 0.1921875
2 0.08984375 0.3296875 0.115625 0.16171875
2 0.2421875 0.3265625 0.14296875 0.19609375
2 0.7296875 0.125 0.1015625 0.21796875
2 0.83984375 0.11171875 0.1125 0.18828125
2 0.9453125 0.090625 0.0984375 0.18125
2 0.7296875 0.325 0.09609375 0.22734375
2 0.8515625 0.32734375 0.12890625 0.2328125
2 0.94765625 0.32265625 0.1046875 0.2546875
2 0.5078125 0.74375 0.30703125 0.36875
2 0.503125 0.22734375 0.315625 0.4359375
2 0.83203125 0.73359375 0.3171875 0.4421875
2 0.08828125 0.74765625 0.15078125 0.3546875
2 0.246875 0.759375 0.1625 0.3296875